74867213886293		87	-80	412	-94	2147483647	-72	2147483647	-88	4	37.59879322	127.04472163	63.0
74869237259099		87	-82	412	-93	2147483647	-72	2147483647	-86	4	37.59879322	127.04472163	63.0
74871255680029		87	-76	104	-94	2147483647	-71	2147483647	-83	4	37.59879322	127.04472163	63.0
74873273850022		87	-74	412	-87	2147483647	-71	2147483647	-91	4	37.59881757	127.04470957	62.0
74875284577045		87	-76	2147483647	-68	2147483647	-79	3	37.59885988	127.04468549	62.0
74877300023912		87	-78	412	-94	2147483647	-71	2147483647	-88	4	37.59890731	127.04464283	61.0
74879313594269		87	-89	2147483647	-74	2147483647	-80	2147483647	0	2147483647	-90	5	37.59895501	127.04459695	59.0
74881328275147		87	-87	2147483647	-74	2147483647	-80	2147483647	0	2147483647	-90	5	37.59901614	127.04456537	58.0
74883343023629		87	-72	2147483647	-78	2147483647	-88	2147483647	-100	2147483647	-75	5	37.59908836	127.04457265	57.0
74885357115079		87	-86	2147483647	-78	2147483647	-88	2147483647	-100	2147483647	-75	5	37.59916477	127.04460565	57.0
74887369926165		87	-89	2147483647	-78	2147483647	-88	2147483647	-100	2147483647	-75	5	37.59924041	127.04464115	57.0
74889386443293		87	-89	2147483647	-83	2147483647	-86	2147483647	-87	2147483647	-85	5	37.59931443	127.04467434	57.0
74891400555265		87	-84	2147483647	-83	2147483647	-86	2147483647	-87	2147483647	-85	5	37.59938704	127.04470955	58.0
74893415799528		87	-80	2147483647	-79	2147483647	-83	2147483647	-85	2147483647	-77	5	37.59945507	127.04474758	58.0
74895431589156		87	-83	2147483647	-79	2147483647	-83	2147483647	-85	2147483647	-77	5	37.59951898	127.04478469	59.0
74897450827118		87	-84	2147483647	-79	2147483647	-83	2147483647	-85	2147483647	-77	5	37.59958146	127.04483379	60.0
74899466533881		87	-83	2147483647	-76	2147483647	-87	2147483647	-85	2147483647	-83	5	37.59960304	127.04491219	60.0
74901481875384		87	-75	2147483647	-76	2147483647	-87	2147483647	-85	2147483647	-83	5	37.59958578	127.04499644	60.0
74903496490845		87	-72	2147483647	-76	2147483647	-87	2147483647	-85	2147483647	-83	5	37.59952725	127.04504445	61.0
74905513115577		87	-79	2147483647	-79	2	37.59944124	127.04503453	60.0
74907527769007		87	-79	2147483647	-78	2	37.5993544	127.0450019	58.0
74909540219832		87	-71	2147483647	-74	2	37.59926517	127.04496661	57.0
74911554526908		87	-69	2147483647	-73	2	37.5991778	127.04492763	57.0
74913574459505		87	-74	104	-87	412	-87	2147483647	-74	4	37.59909181	127.04489377	56.0
74915591802414		87	-76	412	-89	2147483647	-72	2147483647	-83	2147483647	-82	5	37.59901189	127.0448628	56.0
74917608110063		87	-72	2147483647	-73	2147483647	-86	2147483647	-82	4	37.5989373	127.04482389	55.0
74919626715420		87	-80	2147483647	-81	2147483647	-91	2147483647	-90	2147483647	-75	5	37.59886524	127.04478718	56.0
74921644490048		87	-83	2147483647	-81	2147483647	-91	2147483647	-90	2147483647	-75	5	37.59878755	127.04476189	56.0
74923663368010		87	-84	2147483647	-81	2147483647	-91	2147483647	-90	2147483647	-75	5	37.5987044	127.0447396	55.0
74925682102065		87	-84	2147483647	-86	2147483647	-87	2147483647	-94	2147483647	-87	5	37.59862614	127.04471474	55.0
74927696177006		87	-86	2147483647	-86	2147483647	-87	2147483647	-94	2147483647	-87	5	37.59854315	127.04468613	55.0
74929707852518		87	-86	2147483647	-87	2147483647	-103	2147483647	-112	2147483647	-85	5	37.59846053	127.04465708	54.0
74931717560271		87	-86	412	-101	356	-105	2147483647	-78	2147483647	0	5	37.5983824	127.04462933	53.0
74933735641357		87	-88	412	-105	2147483647	-81	2147483647	-91	4	37.59830143	127.04460606	52.0
74935752480777		87	-90	2147483647	-81	2147483647	-102	3	37.59822392	127.04458001	53.0
74937769907697		87	-92	412	-110	2147483647	-82	2147483647	-93	2147483647	0	5	37.59814928	127.04454482	52.0
74939784848835		87	-89	137	-103	2147483647	-79	2147483647	-102	2147483647	0	2147483647	0	6	37.59807726	127.04449996	53.0
74941805346067		87	-90	2147483647	-83	2147483647	-107	2147483647	-94	2147483647	0	5	37.59799593	127.04446761	52.0
74943821128456		87	-89	2147483647	-110	2147483647	-82	2147483647	-110	2147483647	-109	2147483647	-85	6	37.59791268	127.04443884	53.0
74945839930376		87	-91	2147483647	-110	2147483647	-82	2147483647	-110	2147483647	-109	2147483647	-85	6	37.59783821	127.04441417	53.0
74947856376305		87	-91	2147483647	-110	2147483647	-82	2147483647	-110	2147483647	-109	2147483647	-85	6	37.5977744	127.0443986	52.0
74949872482444		87	-80	2147483647	-79	2147483647	-89	2147483647	-115	2147483647	-88	2147483647	-88	6	37.59770041	127.0444132	54.0
74951886201499		87	-90	2147483647	-79	2147483647	-89	2147483647	-115	2147483647	-88	2147483647	-88	6	37.59763874	127.04449644	54.0
74953904837950		87	-96	2147483647	-86	2147483647	-112	2147483647	-111	2147483647	-115	2147483647	-95	6	37.59760297	127.04467807	53.0
74955918868307		87	-97	2147483647	-86	2147483647	-112	2147483647	-111	2147483647	-115	2147483647	-95	6	37.59758958	127.04478587	54.0
74957935714497		87	-99	2147483647	-86	2147483647	-112	2147483647	-111	2147483647	-115	2147483647	-95	6	37.59757509	127.04488137	53.0
74959950981104		87	-94	2147483647	-88	2147483647	-96	2147483647	-96	2147483647	-118	2147483647	-98	6	37.59757818	127.04500509	53.0
74961967822242		87	-96	2147483647	-88	2147483647	-96	2147483647	-96	2147483647	-118	2147483647	-98	6	37.59758294	127.04513266	52.0
74963986943225		87	-100	2147483647	-91	2147483647	-100	2147483647	-100	2147483647	-122	2147483647	-96	6	37.59759862	127.04522105	62.0
74966006716759		87	-95	2147483647	-91	2147483647	-100	2147483647	-100	2147483647	-122	2147483647	-96	6	37.59762787	127.04529376	59.0
74968017783939		87	-98	2147483647	-91	2147483647	-100	2147483647	-100	2147483647	-122	2147483647	-96	6	37.59768042	127.04536158	58.0
74970033791588		87	-97	2147483647	-88	2147483647	-96	2147483647	-96	2147483647	-96	2147483647	-93	6	37.5977393	127.04541997	58.0
74972048701945		87	-94	2147483647	-88	2147483647	-96	2147483647	-96	2147483647	-96	2147483647	-93	6	37.59783866	127.04546374	57.0
74974066997979		87	-96	2147483647	-93	2147483647	-123	2147483647	-125	2147483647	-113	2147483647	-91	6	37.59791656	127.04548971	64.0
74976082416409		87	-93	2147483647	0	2	37.59800719	127.04551337	61.0
74978096453901		87	-90	2147483647	-85	2147483647	0	3	37.59812086	127.04554152	61.0
74980116806134		87	-90	2147483647	-78	2147483647	0	3	37.59822142	127.04558006	61.0
74982130002532		87	-89	104	-115	2147483647	-79	2147483647	0	4	37.59827967	127.04560141	59.0
74984145971744		87	-90	2147483647	-80	2147483647	-90	3	37.5983253	127.0456196	59.0
74986157836475		87	-88	2147483647	-76	2	37.59838478	127.0456187	59.0
74988171327040		87	-90	2147483647	-82	2147483647	-86	3	37.59842051	127.04563261	59.0
74990187082606		87	-84	2147483647	-82	2147483647	-86	3	37.59849169	127.04566683	57.0
74992200943119		87	-89	2147483647	-82	2147483647	-86	3	37.59857506	127.04568872	58.0
74994216419830		87	-91	2147483647	-86	2147483647	-86	3	37.59865774	127.04570071	59.0
74996230611645		87	-90	2147483647	-86	2147483647	-86	3	37.59874582	127.04571324	58.0
74998241774033		87	-90	2147483647	-86	2147483647	-86	3	37.59883156	127.04573781	58.0
75000255646109		87	-88	2147483647	-82	2147483647	-90	3	37.59890671	127.045769	57.0
75002269947612		87	-88	2147483647	-82	2147483647	-90	3	37.59898491	127.04579834	57.0
75004285256250		87	-87	2147483647	-81	2147483647	-92	3	37.5990648	127.04583155	56.0
75006305548274		87	-88	2147483647	-81	2147483647	-92	3	37.59914578	127.04586927	57.0
75008321878527		87	-87	2147483647	-81	2147483647	-92	3	37.59922915	127.04590933	56.0
75010336461488		87	-81	2147483647	-78	2147483647	-86	3	37.59929713	127.04594443	57.0
75012351387366		87	-84	2147483647	-78	2147483647	-86	3	37.59936966	127.04596989	57.0
75014368797567		87	-88	2147483647	-77	2147483647	-84	3	37.59943843	127.04597579	58.0
75016384159851		87	-86	2147483647	-77	2147483647	-84	3	37.59949276	127.04597942	58.0
75018398604739		87	-86	2147483647	-77	2147483647	-84	3	37.59954364	127.04599319	57.0
75020415125669		87	-83	2147483647	-76	2147483647	-82	3	37.59960936	127.0460201	59.0
75022432363370		87	-80	2147483647	-76	2147483647	-82	3	37.59968364	127.04604325	60.0
75024462073937		87	-82	2147483647	-77	2147483647	-80	3	37.59976532	127.04606526	67.0
75026478574607		87	-84	2147483647	-77	2147483647	-80	3	37.59984595	127.04608843	63.0
75028490942776		87	-85	2147483647	-77	2147483647	-80	3	37.59993187	127.04611221	61.0
75030508893341		87	-87	2147483647	-86	2147483647	-87	3	37.60001163	127.04615778	61.0
75032524483021		87	-93	2147483647	-86	2147483647	-87	3	37.60009669	127.04620971	61.0
75034569764371		87	-92	2147483647	-93	2147483647	-92	3	37.60020516	127.0462517	62.0
75036591345718		87	-93	2147483647	-93	2147483647	-92	3	37.60028548	127.04629385	61.0
75038604946648		87	-96	2147483647	-93	2147483647	-92	3	37.60035653	127.04632324	64.0
75040619712942		87	-98	2147483647	-90	2147483647	-102	3	37.60042836	127.04635163	64.0
75042638453560		87	-93	2147483647	-90	2147483647	-102	3	37.60048873	127.04635503	64.0
75044653795063		87	-97	2147483647	-90	2147483647	-95	3	37.60054616	127.04635198	63.0
75046664965420		87	-99	2147483647	-90	2147483647	-95	3	37.60058792	127.04629069	64.0
75048680365985		87	-97	2147483647	-90	2147483647	-95	3	37.60061727	127.04618509	64.0
75050695936186		87	-95	2147483647	-87	2147483647	-95	3	37.60063946	127.04607489	65.0
75052711135501		87	-89	104	-106	2147483647	-79	3	37.60065782	127.0459637	63.0
75054726837316		87	-88	104	-96	2147483647	-75	3	37.60066372	127.04591147	63.0
75056739064548		87	-86	104	-99	2147483647	-77	3	37.60068384	127.04578309	61.0
75058754675947		87	-81	2147483647	-71	2	37.6006914	127.04571825	60.0
75060771250314		87	-78	2147483647	-64	2	37.60069288	127.04565465	59.0
75062786877546		87	-76	2147483647	-69	2	37.60066686	127.04558662	59.0
75064800722851		87	-79	2147483647	-67	2147483647	-76	3	37.60058957	127.04553613	59.0
75066816120812		87	-81	2147483647	-67	2147483647	-76	3	37.60045182	127.04555285	58.0
75068829293721		87	-80	2147483647	-75	2147483647	-81	3	37.60035857	127.0455166	58.0
75070844415224		87	-76	2147483647	-75	2147483647	-81	3	37.60025574	127.04546866	59.0
75072855210060		87	-80	2147483647	-75	2147483647	-81	3	37.600151	127.04542308	59.0
75074870134323		87	-79	2147483647	-75	2147483647	-73	3	37.6000602	127.04537755	60.0
75076884795253		87	-76	2147483647	-75	2147483647	-73	3	37.59992712	127.04528511	63.0
75078900879777		87	-81	2147483647	-75	2147483647	-73	3	37.59984063	127.04523608	63.0
75080916807686		87	-79	2147483647	-73	2147483647	-77	3	37.59976792	127.04519721	62.0
75082928520490		87	-75	2147483647	-73	2147483647	-77	3	37.59969256	127.04516126	63.0
75084938909597		87	-75	2147483647	-71	2147483647	-74	3	37.59962009	127.04512431	64.0
75086951290422		87	-74	2147483647	-71	2147483647	-74	3	37.59956086	127.04510171	61.0
75088964664477		87	-67	2147483647	-71	2147483647	-74	3	37.59948513	127.04506274	61.0
75090978206709		87	-79	2147483647	-69	2147483647	-76	3	37.59941481	127.04501065	61.0
75092989478941		87	-84	2147483647	-69	2147483647	-76	3	37.59934384	127.0449812	61.0
75095004793308		87	-81	2147483647	-80	2147483647	-81	3	37.59927625	127.04496128	60.0
75097024061113		87	-72	2147483647	-80	2147483647	-81	3	37.59920922	127.04494065	60.0
75099044476887		87	-75	2147483647	-80	2147483647	-81	3	37.59913869	127.04491284	59.0
75101065751099		87	-72	2147483647	-75	2147483647	-74	3	37.59906881	127.04488508	59.0
75103078404841		87	-79	2147483647	-75	2147483647	-74	3	37.59900195	127.04485694	58.0
75105092121396		87	-80	2147483647	-75	2147483647	-75	3	37.59894004	127.04482897	58.0
75107103829565		87	-79	2147483647	-75	2147483647	-75	3	37.59887123	127.04480112	58.0
75109116487526		87	-79	412	-97	2147483647	-81	2147483647	-84	4	37.5988112	127.04478335	57.0
75111129892206		87	-83	412	-96	2147483647	-82	2147483647	-90	4	37.59878417	127.0447709	57.0
75113146760063		87	-82	412	-99	2147483647	-79	2147483647	-89	4	37.59878417	127.0447709	57.0
75115165222712		87	-81	2147483647	-78	2147483647	-84	3	37.59878417	127.0447709	57.0
