75254761215264		87	-75	2147483647	-73	2147483647	-89	3	37.59881531	127.0447432	53.0
75256780230882		87	-77	2147483647	-73	2147483647	-89	3	37.59881531	127.0447432	53.0
75258800372958		87	-76	2147483647	-72	2147483647	0	3	37.59881531	127.0447432	53.0
75260822832587		87	-76	2147483647	-67	2147483647	-80	3	37.59885719	127.04473359	55.0
75262843332372		87	-80	412	-97	2147483647	-81	2147483647	-88	4	37.59889827	127.04469063	53.0
75264858105072		87	-87	412	-100	2147483647	-78	2147483647	-83	4	37.5989468	127.04463755	51.0
75266881884961		87	-86	412	-103	104	-100	2147483647	-81	2147483647	-83	5	37.59904197	127.04459249	51.0
75268906073548		87	-77	2147483647	-79	2147483647	-93	3	37.59911307	127.04460443	51.0
75270918850051		87	-93	2147483647	-79	2147483647	-93	3	37.59918559	127.04463332	50.0
75272945883847		87	-91	2147483647	-78	2147483647	-102	2147483647	-92	4	37.59925883	127.04466767	51.0
75274962211600		87	-88	2147483647	-78	2147483647	-102	2147483647	-92	4	37.59933227	127.04470119	50.0
75276978725655		87	-87	2147483647	-81	2147483647	-94	2147483647	-90	4	37.59940486	127.04473375	51.0
75278995245439		87	-80	2147483647	-81	2147483647	-94	2147483647	-90	4	37.5994736	127.04476132	51.0
75281017066682		87	-80	2147483647	-81	2147483647	-94	2147483647	-90	4	37.5995379	127.04478768	52.0
75283038904748		87	-82	2147483647	-79	2147483647	-91	2147483647	-88	4	37.59960625	127.04484181	54.0
75285061872554		87	-86	2147483647	-79	2147483647	-91	2147483647	-88	4	37.5996201	127.04492034	54.0
75287073934056		87	-79	2147483647	-69	2147483647	-92	2147483647	-81	4	37.59959443	127.04500635	54.0
75289089652017		87	-75	2147483647	-69	2147483647	-92	2147483647	-81	4	37.59953423	127.04506548	55.0
75291106256958		87	-75	2147483647	-69	2147483647	-92	2147483647	-81	4	37.59944814	127.04506161	53.0
75293128814868		87	-83	2147483647	-80	2147483647	-90	2147483647	-83	4	37.59936523	127.04501907	53.0
75295145741319		87	-69	2147483647	-73	2	37.59927732	127.044975	53.0
75297164993343		87	-72	2147483647	-70	2	37.59918535	127.04493843	53.0
75299181350627		87	-76	2147483647	-75	2147483647	0	3	37.59909351	127.04490392	53.0
75301202287651		87	-78	2147483647	-73	2147483647	-84	2147483647	-85	4	37.59899207	127.04486977	53.0
75303217679258		87	-77	2147483647	-75	2147483647	-90	2147483647	-92	4	37.59890246	127.04483718	53.0
75305242353835		87	-82	412	-100	2147483647	-77	2147483647	-89	2147483647	-83	5	37.59880652	127.04480258	54.0
75307257805494		87	-82	412	-94	2147483647	-79	2147483647	-79	4	37.598717	127.04477164	53.0
75309270444497		87	-80	2147483647	-87	2147483647	-85	2147483647	-80	4	37.59863007	127.04474315	54.0
75311283008551		87	-81	2147483647	-87	2147483647	-85	2147483647	-80	4	37.59854083	127.04471038	54.0
75313299381460		87	-86	2147483647	-95	2147483647	-86	2147483647	-86	4	37.59845638	127.04468659	53.0
75315311400203		87	-86	2147483647	-95	2147483647	-86	2147483647	-86	4	37.59837195	127.04465374	53.0
75317324200716		87	-87	2147483647	-95	2147483647	-86	2147483647	-86	4	37.59828657	127.04462295	52.0
75319339310604		87	-87	2147483647	-84	2147483647	-103	2147483647	-86	4	37.59820812	127.04459341	52.0
75321353883929		87	-92	2147483647	-84	2147483647	-103	2147483647	-86	4	37.59812728	127.04456182	51.0
75323366310276		87	-89	2147483647	-84	2147483647	-103	2147483647	-86	4	37.59805022	127.04453821	51.0
75325382315268		87	-93	2147483647	-82	2147483647	-92	2147483647	-86	4	37.59797314	127.04450806	51.0
75327403531511		87	-93	2147483647	-82	2147483647	-92	2147483647	-86	4	37.59790228	127.04448018	52.0
75329415867233		87	-89	2147483647	-84	2147483647	-90	2147483647	-85	4	37.59784507	127.04445657	52.0
75331429271392		87	-88	2147483647	-84	2147483647	-90	2147483647	-85	4	37.59781675	127.04444195	52.0
