100934376304780		87	-84	2147483647	-82	2147483647	-90	2147483647	-100	2147483647	-88	5	37.5988667	127.04478309	55.0
100936391278054		87	-85	2147483647	-82	2147483647	-90	2147483647	-100	2147483647	-88	5	37.5988667	127.04478309	55.0
100938412556015		87	-85	2147483647	-82	2147483647	-92	2147483647	-92	2147483647	-92	5	37.5988667	127.04478309	55.0
100940427295122		87	-85	2147483647	-82	2147483647	-92	2147483647	-92	2147483647	-92	5	37.5988667	127.04478309	55.0
100942448032824		87	-84	412	-99	2147483647	-80	3	37.59885449	127.0447804	54.0
100944461740472		87	-85	412	-97	2147483647	-83	2147483647	-85	4	37.59882204	127.04478901	53.0
100946478534215		87	-86	412	-96	2147483647	-81	2147483647	-88	4	37.59876915	127.04479125	54.0
100948495812280		87	-89	412	-98	2147483647	-81	2147483647	-86	4	37.59870748	127.04478118	54.0
100950511523679		87	-90	412	-96	2147483647	-83	2147483647	-90	4	37.5986406	127.04476144	51.0
100952526944036		87	-88	412	-105	2147483647	-83	2147483647	-94	4	37.59856742	127.04474576	49.0
100954543206164		87	-81	2147483647	-80	2147483647	-100	3	37.59849041	127.04472107	49.0
100956560767407		87	-85	2147483647	-85	2147483647	-93	2147483647	-89	4	37.59841649	127.04468239	49.0
100958612158913		87	-88	2147483647	-85	2147483647	-93	2147483647	-89	4	37.59834215	127.0446473	49.0
100960629892708		87	-86	2147483647	-85	2147483647	-93	2147483647	-89	4	37.59826436	127.04461959	48.0
100962653737441		87	-91	2147483647	-81	2147483647	-93	2147483647	-92	4	37.59818896	127.04459778	47.0
100964668635975		87	-90	2147483647	-81	2	37.59811258	127.04457702	49.0
100966688681645		87	-90	412	-106	104	-110	2147483647	-82	2147483647	0	5	37.59803403	127.04455148	49.0
100968702544814		87	-90	2147483647	-80	2147483647	-102	3	37.59795836	127.04452556	49.0
100970715520900		87	-89	2147483647	-82	2147483647	-103	3	37.5978848	127.04450095	51.0
100972727688184		87	-89	2147483647	-80	2147483647	-88	3	37.59781353	127.04448592	52.0
100974741516614		87	-88	2147483647	-78	2	37.59775225	127.044465	54.0
100976750075095		87	-85	2147483647	-77	2	37.59768296	127.0444658	55.0
100978763871181		87	-87	137	-106	2147483647	-80	3	37.59761495	127.0445038	56.0
100980775737371		87	-92	137	-105	2147483647	-82	3	37.59758199	127.04458132	56.0
100982786848353		87	-94	137	-109	2147483647	-89	2147483647	0	4	37.59757994	127.04467598	57.0
100984798435740		87	-95	137	-112	2147483647	-82	2147483647	-104	4	37.5975825	127.04475899	58.0
100986812469795		87	-96	412	-112	137	-113	2147483647	-87	2147483647	-105	5	37.59758783	127.04481371	58.0
100988824641298		87	-97	137	-110	2147483647	-88	2147483647	-110	4	37.59759792	127.04485802	59.0
100990838275821		87	-98	137	-115	2147483647	-82	3	37.59761251	127.04489628	60.0
100992849068574		87	-94	2147483647	-89	2147483647	-101	3	37.59761998	127.04491213	61.0
100994858142732		87	-96	2147483647	-89	2147483647	-101	3	37.59765091	127.04489643	58.0
100996868579755		87	-90	2147483647	-89	2147483647	-101	3	37.59765926	127.04485872	57.0
100998878889695		87	-93	2147483647	-85	2147483647	-98	3	37.5976558	127.04480225	58.0
101000891750052		87	-91	137	-110	2147483647	-83	2147483647	-102	2147483647	0	5	37.59766909	127.0447419	58.0
101002902773846		87	-90	137	-106	2147483647	-76	2147483647	-101	2147483647	-98	5	37.59768997	127.04465812	59.0
101004915029307		87	-84	2147483647	-70	2147483647	-95	2147483647	-81	4	37.59771184	127.04456776	59.0
101006928082737		87	-83	2147483647	-70	2147483647	-91	3	37.59774056	127.04448403	59.0
101008943001114		87	-83	137	-104	2147483647	-67	3	37.59780302	127.04443764	60.0
101010955892877		87	-85	104	-102	2147483647	-68	3	37.59788748	127.04446291	58.0
101012969440057		87	-84	2147483647	-68	2	37.59798217	127.04454918	58.0
101014979875310		87	-85	2147483647	-73	2	37.59806596	127.0445894	56.0
101016989674989		87	-82	2147483647	-74	2	37.59814875	127.04461986	55.0
101019000858002		87	-79	2147483647	-77	2147483647	-101	3	37.59822385	127.04464336	56.0
101021014433046		87	-77	2147483647	-76	2147483647	-101	3	37.59829515	127.04465716	57.0
101023025528559		87	-78	2147483647	-76	2147483647	-95	2147483647	-107	4	37.59836198	127.04468404	58.0
101025042523239		87	-76	412	-96	2147483647	-70	2147483647	-91	2147483647	-103	5	37.5984408	127.04471303	57.0
101027068072608		87	-76	2147483647	-70	2147483647	-93	2147483647	-91	4	37.59850905	127.04472397	57.0
101029080868902		87	-83	412	-101	2147483647	-79	2147483647	-89	2147483647	-98	2147483647	-81	6	37.59859986	127.04474253	56.0
101031099369884		87	-88	412	-101	2147483647	-79	2147483647	-89	2147483647	-98	2147483647	-81	6	37.59866451	127.04474448	56.0
101033114202689		87	-87	412	-103	2147483647	-79	2147483647	-89	2147483647	-98	2147483647	-84	6	37.59872277	127.04474403	57.0
101035129992369		87	-77	412	-99	2147483647	0	3	37.59874106	127.04474189	57.0
101037142176007		87	-79	412	-91	2147483647	-76	2147483647	0	4	37.59877152	127.04474058	57.0
101039152486468		87	-76	412	-89	2147483647	-73	2147483647	-81	4	37.59877152	127.04474058	57.0
