49264.103	0.016765138	10.633887	1.1448194	-0.023423936	0.018100316	-0.012776693
49264.103	0.39996827	10.641072	0.96758795	0.005323622	0.003194173	0
49264.103	0.4047583	10.147698	0.49576905	-0.011711968	0.002129449	0.004258898
49264.103	-0.17723145	10.799144	0.06466553	0.013841418	-0.004258898	0.005323622
49264.103	0.14130616	10.715318	0.5556446	-0.020229764	0.020229764	-0.005323622
49264.103	0.028740235	10.641072	0.44547364	0.005323622	-0.003194173	0.006388347
49264.103	0.22273682	10.600357	0.75203615	0.001064724	0.006388347	-0.00958252
49264.103	0.15328126	10.003997	0.63707525	0.008517795	0.002129449	0.007453071
49264.103	0.27542725	10.696157	0.7879615	0.011711968	-0.001064724	0.004258898
49264.103	0.34009278	10.399176	0.6514453	0	0.007453071	-0.001064724
49264.329	-0.09101075	10.700948	0.16046631	0.014906142	-0.014906142	0.005323622
49264.329	0.15088624	10.641072	0.54366946	-0.015970865	0.015970865	-0.003194173
49264.329	0.12693603	10.435101	0.42152345	0.006388347	0.005323622	0.012776693
49264.329	0.31853762	10.641072	0.70174074	-0.012776693	0.005323622	0.002129449
49264.329	0.2682422	9.948912	0.5460645	-0.001064724	-0.002129449	0.013841418
49264.329	0.22513184	10.684182	0.6346802	0.013841418	-0.006388347	-0.006388347
49264.329	0.23950197	10.554852	0.7831714	-0.007453071	0.012776693	0.004258898
49264.329	0.07903565	10.439891	0.1101709	0.012776693	-0.003194173	0.00958252
49264.329	0.08861572	10.768008	0.79754156	-0.010647244	0.001064724	-0.00958252
49264.329	0.2083667	10.492581	0.6730005	-0.001064724	-0.005323622	0.01703559
49264.552	0.19639161	10.6746025	0.6346802	-0.008517795	0.006388347	-0.005323622
49264.552	0.047900394	10.281819	0.364043	0.002129449	0	0.012776693
49264.552	-0.24668702	10.921289	0.117355965	0.012776693	-0.007453071	-0.007453071
49264.552	0.23471193	10.720108	0.85023195	-0.006388347	0.006388347	-0.004258898
49264.552	-0.06706055	10.676997	0.11496094	0.012776693	-0.019165039	0.008517795
49264.552	-0.06227051	10.782378	0.7232959	0.003194173	0.001064724	0.001064724
49264.552	0.3520679	10.660233	0.40954837	0.002129449	-0.002129449	-0.006388347
49264.552	-0.05269043	10.760823	0.6011499	-0.007453071	0.022359213	-0.00958252
49264.552	0.26584718	10.839859	0.6777906	-0.003194173	0	0.003194173
49264.552	0.14849122	10.102193	0.364043	-0.015970865	0.006388347	0.00958252
49264.78	0.06706055	10.617122	0.5340894	0.024488661	-0.01703559	0.001064724
49264.78	0.32572266	10.111773	0.29698244	-0.010647244	0.006388347	0.003194173
49264.78	-0.13172609	10.770403	0.57719976	0.021294488	-0.010647244	0.004258898
49264.78	0.3520679	10.617122	0.36883304	-0.010647244	0.013841418	-0.004258898
49264.78	-0.18920656	10.626702	0.41912845	-0.008517795	0.001064724	0.00958252
49264.89	0.38080812	10.6746025	0.7448511	0.003194173	0.007453071	-0.002129449
49264.78	0.3544629	9.977652	0.49576905	-0.012776693	0.011711968	0.007453071
49264.78	0.081430666	10.629097	0.42870852	0.01703559	-0.011711968	0.007453071
49264.78	0.33530274	10.130933	0.3281177	-0.004258898	0.002129449	0.002129449
49264.78	0.038320314	10.712923	0.50774413	0.007453071	-0.005323622	0.012776693
49265.002	0.37362307	10.708133	0.81191164	-0.015970865	0.013841418	0.002129449
49265.002	0.07903565	9.977652	0.5676197	-0.006388347	0.00958252	0.006388347
49265.002	0.17244141	10.768008	0.8765772	0.023423936	-0.006388347	-0.002129449
49265.002	0.43589357	10.37283	0.8310718	-0.001064724	0.004258898	-0.005323622
49265.002	-0.08861572	10.691368	0.2706372	0.012776693	-0.00958252	0.00958252
49265.002	0.043110352	10.784774	0.56522465	-0.014906142	0.012776693	-0.006388347
49265.002	-0.047900394	10.641072	0.38080812	0.018100316	-0.011711968	0.004258898
49265.002	0.1939966	10.696157	0.62749517	0.001064724	0.004258898	0.004258898
49265.002	0.06706055	10.2387085	0.38080812	-0.00958252	0.006388347	0.007453071
49265.002	0.17483643	10.655442	0.5221143	0.010647244	0	-0.007453071
49265.218	0.33530274	9.987232	0.5484595	-0.011711968	0.003194173	0.003194173
49265.218	0.031135255	10.571617	0.38320315	0.01703559	-0.00958252	0.001064724
49265.218	0.51732427	10.104588	0.40954837	-0.021294488	0.006388347	0.001064724
49265.218	-0.34488282	10.605147	0.3305127	-0.004258898	-0.005323622	-0.007453071
49265.218	0.44786867	10.626702	0.91729254	0.003194173	0.014906142	0.001064724
49265.218	0.13891114	10.451866	0.53169435	-0.021294488	0.011711968	0.013841418
49265.218	0.00239502	10.94045	0.5245093	-0.003194173	0.002129449	0.001064724
49265.218	0.11256592	10.224339	0.5556446	-0.004258898	0.004258898	-0.002129449
49265.218	0.30416748	10.734478	0.8214917	0.015970865	0.001064724	-0.005323622
49265.218	0.30416748	10.018367	0.48379397	-0.00958252	0.005323622	-0.004258898
49265.434	-0.07903565	10.736873	0.5364844	0.005323622	-0.007453071	-0.00958252
49265.434	0.14849122	10.703342	0.10538086	0.010647244	0.003194173	0.003194173
49265.434	-0.2945874	10.770403	0.30177248	-0.008517795	0	-0.014906142
49265.434	0.20597169	11.00751	1.0322535	0.004258898	-0.005323622	0.010647244
49265.434	0.30416748	10.4566555	0.7664063	-0.008517795	0.006388347	-0.002129449
49265.434	0.30177248	10.638678	1.0202783	0.012776693	0.007453071	0.00958252
49265.434	0.29698244	10.037527	0.38080812	0.001064724	-0.001064724	-0.002129449
49265.434	0.2802173	10.636282	0.7089258	0.019165039	-0.004258898	-0.013841418
49265.434	0.52690434	10.123748	0.84544194	0.008517795	-0.006388347	0.002129449
49265.434	0.10777588	10.583591	0.32572266	0.002129449	-0.005323622	0.002129449
49265.649	0.050295413	10.583591	0.56522465	-0.004258898	0.005323622	0.002129449
49265.634	-0.06706055	10.784774	0.16286133	0.007453071	0.002129449	-0.005323622
49265.649	0.07664063	10.837463	0.70174074	0.005323622	0.004258898	0.001064724
49265.649	0.21555176	10.197993	0.21315674	-0.008517795	0.015970865	-0.001064724
49265.649	-0.14130616	10.859019	0.6562354	-0.010647244	0.008517795	-0.005323622
49265.649	0.21076173	10.092612	0.52690434	0.005323622	-0.001064724	0.008517795
49265.649	0.102985844	10.600357	0.4047583	0.007453071	0.001064724	0.003194173
49265.649	0.23950197	10.468631	0.74006104	0.002129449	0	0.001064724
49265.649	0.12693603	10.727293	0.29937744	-0.006388347	-0.001064724	0.008517795
49265.649	0.1820215	10.7871685	0.87418216	0	0.00958252	0.015970865
49265.867	0.25147706	10.2387085	0.366438	-0.013841418	0.008517795	0.00958252
49265.867	0.102985844	10.859019	0.9532178	-0.004258898	0.007453071	-0.004258898
49265.867	0.47181886	10.202784	0.79754156	0.005323622	-0.010647244	0.007453071
49265.867	0.06227051	10.5620365	0.50774413	0.001064724	0.00958252	-0.00958252
49265.867	0.2083667	10.042317	0.46463382	0.004258898	0.002129449	0.011711968
49265.867	-0.17004639	10.684182	0.08861572	-0.005323622	-0.001064724	-0.00958252
49265.867	0.17962648	10.835069	0.9484278	-0.007453071	0.007453071	0.002129449
49265.867	0.2562671	10.195599	0.24908204	-0.015970865	0.010647244	0.004258898
49265.867	0.031135255	10.753638	0.80233157	0.003194173	-0.011711968	0.007453071
49265.867	0.33290774	10.468631	0.4167334	0.00958252	-0.007453071	0.001064724
49266.09	0.038320314	10.609937	0.6706055	0.001064724	0.006388347	-0.00958252
49266.09	0.17483643	10.811119	0.78556645	0.013841418	0.006388347	0.007453071
49266.09	-0.2083667	10.94045	0.06466553	-0.001064724	-0.001064724	-0.007453071
49266.09	0.07185059	10.854229	0.96758795	-0.002129449	-0.003194173	0.001064724
49266.09	0.28261232	10.011182	0.4742139	-0.005323622	0	-0.001064724
49266.09	0.1341211	10.684182	0.6658155	0.015970865	-0.012776693	0.005323622
49266.09	0.17723145	10.269844	0.11496094	-0.011711968	0	-0.002129449
49266.09	-0.21315674	10.650652	0.21315674	0.007453071	0.004258898	-0.003194173
49266.09	0.13891114	10.811119	0.45505372	0.006388347	-0.006388347	0.019165039
49266.09	-0.13651612	10.887759	0	0	0.018100316	-0.006388347
49266.31	-0.043110352	10.835069	0.8047266	-0.004258898	0.004258898	0.008517795
49266.31	0.15328126	10.360855	0.34488282	-0.011711968	0.00958252	0.004258898
49266.31	0.1341211	10.588382	0.68976563	0.00958252	-0.008517795	0.001064724
49266.31	0.2778223	10.087823	0.63707525	0.006388347	-0.005323622	0.010647244
49266.31	0.18681154	10.506951	0.51971924	-0.004258898	-0.001064724	-0.007453071
49266.31	0.2083667	10.435101	0.5891748	0.004258898	-0.002129449	0.00958252
49266.31	-0.009580079	10.799144	0.098195806	-0.005323622	0.003194173	-0.008517795
49266.31	-0.028740235	10.976375	0.7496411	0	-0.006388347	0.001064724
49266.31	0.17244141	10.38241	0.2706372	-0.007453071	0.013841418	-0.004258898
49266.31	0.06706055	10.789563	0.9244776	-0.002129449	-0.002129449	-0.001064724
49266.531	0.32093263	10.197993	0.5005591	-0.004258898	0.001064724	0.012776693
49266.531	0.019160157	10.593172	0.5556446	0.011711968	0	-0.001064724
49266.531	0.1341211	10.665023	0.5508545	0.003194173	-0.007453071	0.011711968
49266.531	-0.021555176	10.633887	0.17244141	-0.002129449	0.006388347	-0.004258898
49266.531	0.2083667	10.734478	0.9244776	0.011711968	0.003194173	-0.006388347
49266.531	0.40954837	10.102193	0.42870852	-0.004258898	0.010647244	0.006388347
49266.531	-0.08861572	10.684182	0.49097902	0.001064724	0.001064724	-0.001064724
49266.531	0.18441652	10.952425	0.8214917	0	0.002129449	0.008517795
49266.531	0.12933107	10.250684	0.613125	0.006388347	0.001064724	0.004258898
49266.531	0.33769777	10.629097	0.7711963	0.020229764	0	0.002129449
49266.765	0.25147706	10.224339	0.7209009	-0.007453071	0.006388347	-0.001064724
49266.765	0.028740235	10.511742	0.19639161	0.01703559	-0.00958252	-0.003194173
49266.765	0.004790039	10.617122	0.6011499	-0.023423936	0.011711968	0
49266.765	0.1580713	10.140513	0.43589357	-0.003194173	0.004258898	0.007453071
49266.765	0.21076173	10.653048	0.5125342	-0.004258898	0.00958252	0.001064724
49266.765	0.21076173	10.653048	0.5125342	-0.003194173	0.00958252	0.002129449
49266.765	0.33530274	10.5764065	0.5628296	0.001064724	0.007453071	0.002129449
49266.765	-0.1939966	10.521321	0.34009278	0.001064724	0.007453071	0.002129449
49266.765	-0.1939966	10.521321	0.34009278	-0.011711968	0.010647244	-0.004258898
49266.765	0.009580079	10.823093	0.34488282	-0.010647244	-0.004258898	0.008517795
49267.005	0.004790039	10.803933	0.60594	0.008517795	0.002129449	0.008517795
49267.005	-0.00239502	10.468631	0.59156984	-0.011711968	0.015970865	-0.001064724
49267.005	0.36164796	10.882969	0.9364527	0.003194173	-0.005323622	0.012776693
49267.005	0.10538086	10.1189575	0.61073	-0.013841418	0.010647244	-0.006388347
49267.005	0.083825685	10.487791	0.4526587	0.030877007	-0.015970865	-0.003194173
49267.005	0.26345217	10.226734	0.57001466	-0.005323622	0.00958252	-0.005323622
49267.005	0.117355965	10.5620365	0.7664063	0.018100316	-0.005323622	0.006388347
49267.005	0.12933107	10.662627	0.4742139	0.00958252	-0.004258898	-0.005323622
49267.005	-0.043110352	10.526112	0.30895755	-0.005323622	0.007453071	0.001064724
49267.005	0.1939966	10.861414	0.67539555	-0.002129449	-0.002129449	0.010647244
49267.223	0.14130616	10.169253	0.59156984	-0.020229764	0.018100316	-0.005323622
49267.223	0.119750984	10.744058	0.86220706	0.003194173	-0.014906142	0.007453071
49267.223	0.15088624	10.480606	0.5292993	-0.01703559	-0.007453071	-0.003194173
49267.223	0.05508545	10.629097	0.72569096	0.012776693	-0.003194173	-0.010647244
49267.223	0.26105714	10.530901	0.63707525	0.001064724	0.008517795	0.007453071
49267.223	-0.026345216	10.710527	0.2945874	0.004258898	0.005323622	-0.004258898
49267.223	0.21555176	10.784774	0.76401126	-0.010647244	0.010647244	0.005323622
49267.223	0.05269043	10.466236	0.35925296	-0.005323622	0.010647244	0.002129449
49267.223	0.22752686	10.758429	0.859812	0.025553387	-0.001064724	0.002129449
49267.223	0.32332766	9.984837	0.45744875	-0.007453071	0.011711968	0.007453071
49267.44	0.083825685	10.660233	0.68737066	-0.006388347	-0.005323622	0.004258898
49267.44	0.244292	10.485396	0.3903882	0.001064724	0	-0.002129449
49267.44	-0.26345217	10.466236	0.43349856	-0.003194173	0.002129449	-0.005323622
49267.44	0.364043	10.720108	0.97956306	0.001064724	0	0.003194173
49267.44	0.22273682	10.140513	0.48618898	-0.014906142	0.011711968	0.002129449
49267.44	0.17483643	10.686578	0.47900394	0.023423936	-0.003194173	0.005323622
49267.44	0.083825685	10.4566555	0.39517823	-0.013841418	0.012776693	-0.011711968
49267.44	-0.06227051	10.768008	0.3903882	0.007453071	0.001064724	0.007453071
49267.44	0.06706055	10.861414	0.6442603	-0.005323622	-0.003194173	0.007453071
49267.44	-0.12933107	10.672208	0.20118165	-0.003194173	0.013841418	-0.011711968
49267.67	0.32093263	10.597961	0.6610254	0.019165039	0.001064724	-0.001064724
49267.67	0.3065625	10.248289	0.9148975	0.006388347	0.005323622	0.008517795
49267.67	0.009580079	10.720108	0.20597169	0.015970865	-0.004258898	-0.005323622
49267.67	0.098195806	10.935659	0.7831714	-0.014906142	0.015970865	0.003194173
49267.67	-0.098195806	10.679393	0.43110353	0.00958252	-0.002129449	0.003194173
49267.67	0.17962648	10.6746025	0.6322852	-0.001064724	0.001064724	-0.003194173
49267.67	0.14130616	9.965676	0.57001466	-0.008517795	0.002129449	0.001064724
49267.67	0.117355965	10.600357	0.4263135	0.018100316	-0.008517795	-0.003194173
49267.67	0.045505375	10.933265	0.9651929	0.013841418	-0.003194173	0.00958252
49267.67	0.23471193	10.233919	0.2778223	-0.004258898	0.002129449	0.001064724
49267.903	0.06227051	10.729688	0.89573735	0.002129449	0.005323622	-0.002129449
49267.903	0.30416748	10.657837	0.4406836	-0.006388347	0.006388347	0.007453071
49267.903	-0.040715333	10.526112	0.38559815	-0.010647244	0.028747559	-0.001064724
49267.903	0.026345216	10.830278	0.38080812	0.018100316	-0.007453071	0.001064724
49267.903	0.32332766	10.533297	0.7783814	-0.006388347	0.013841418	-0.007453071
49267.903	0.43589357	10.106983	0.43589357	-0.010647244	0.007453071	0.008517795
49267.903	0.009580079	10.813514	0.68976563	0.00958252	-0.007453071	0.006388347
49267.903	0.20357667	10.578802	0.5005591	0.001064724	-0.002129449	-0.007453071
49267.903	-0.098195806	10.585987	0.52690434	-0.007453071	0.01703559	-0.006388347
49267.903	0.22513184	10.775193	0.65384036	0.003194173	0.001064724	0.012776693
49268.141	-0.18441652	10.813514	-0.019160157	-0.003194173	0.013841418	-0.001064724
49268.141	0.050295413	10.777588	0.9148975	0.010647244	0.002129449	0.004258898
49268.141	0.28740236	9.982442	0.2945874	-0.005323622	-0.001064724	0.010647244
49268.141	0.11256592	10.605147	0.7209009	0.012776693	-0.007453071	0.003194173
49268.141	0.24908204	10.437495	0.47181886	0.011711968	-0.001064724	0
49268.141	0.05508545	10.602752	0.364043	0.003194173	0.012776693	-0.003194173
49268.141	0.34009278	10.784774	0.8909473	0	0.004258898	0.018100316
49268.141	0.081430666	10.104588	0.5292993	-0.025553387	0.023423936	-0.006388347
49268.141	0.30177248	10.590776	0.81191164	0.015970865	-0.003194173	0.014906142
49268.141	0.26345217	10.025552	0.60833496	-0.007453071	0.008517795	-0.001064724
49268.361	0.098195806	10.614727	0.9244776	0.023423936	-0.00958252	0.002129449
49268.361	0.31135255	10.126143	0.4766089	-0.004258898	0	0.008517795
49268.361	-0.11256592	10.732083	0.2945874	-0.00958252	-0.004258898	-0.008517795
49268.361	0.07185059	10.679393	0.47181886	0.003194173	-0.005323622	0.006388347
49268.361	0.06227051	10.715318	0.15328126	-0.015970865	0.011711968	0
49268.361	0.047900394	10.7799835	0.8861573	-0.005323622	0.007453071	0.018100316
49268.361	-0.05508545	10.607542	0.098195806	-0.002129449	0.001064724	0
49268.361	0.122146	10.650652	0.75203615	0.015970865	-0.004258898	0.002129449
49268.361	0.37362307	10.130933	0.6322852	-0.003194173	0.004258898	0.006388347
49268.361	0.06466553	10.540482	0.48618898	0.003194173	-0.003194173	0.011711968
49268.58	0.16525635	10.590776	0.41912845	0.002129449	0	0.005323622
49268.58	-0.22273682	10.609937	0.30177248	-0.006388347	0.014906142	-0.007453071
49268.58	0.18920656	10.758429	0.9532178	0.004258898	-0.001064724	0.004258898
49268.58	0.34727785	10.047108	0.48618898	-0.018100316	0.004258898	-0.002129449
49268.58	0.06945557	10.746453	0.859812	0.008517795	-0.008517795	-0.001064724
49268.58	0.30177248	10.494976	0.43589357	0.005323622	-0.012776693	0.007453071
49268.58	-0.007185059	10.717712	0.4742139	0.004258898	-0.003194173	-0.006388347
49268.58	0.11496094	10.770403	0.7089258	-0.006388347	0.010647244	0.005323622
49268.58	0.25387207	10.044712	0.5364844	-0.013841418	0.011711968	0.008517795
49268.58	0.15328126	10.588382	0.5939649	0.030877007	-0.012776693	0.003194173
49268.805	0.39757326	10.078242	0.45744875	-0.00958252	0.004258898	0.003194173
49268.805	0.11256592	10.657837	0.42870852	0.008517795	0	0.008517795
49268.805	0.09340577	10.583591	0.37601808	0.005323622	0.003194173	0.002129449
49268.805	-0.102985844	10.394385	0.43349856	-0.004258898	0.00958252	-0.002129449
49268.805	0.36164796	10.7799835	0.8933423	-0.004258898	0	0.019165039
49268.805	0.083825685	10.391991	0.52690434	-0.01703559	0.01703559	-0.003194173
49268.805	0.17004639	10.669812	0.62510014	0.029812284	-0.014906142	0.010647244
49268.805	0.1580713	10.250684	0.29937744	-0.006388347	0.005323622	-0.011711968
49268.805	-0.09580079	10.669812	0.244292	0.013841418	-0.012776693	0.007453071
49268.805	0.15088624	10.676997	0.37362307	0.007453071	0.006388347	-0.006388347
49269.026	0.004790039	10.796748	0.366438	-0.010647244	0.00958252	-0.003194173
49269.026	0.059875492	10.93087	0.5005591	-0.003194173	0.005323622	0.00958252
49269.026	0.035925295	10.509346	0.366438	-0.018100316	0.01703559	-0.001064724
49269.026	0.28261232	10.691368	0.6777906	0.025553387	-0.008517795	0.015970865
49269.026	0.26105714	10.061478	0.4263135	-0.00958252	0	-0.004258898
49269.026	0.009580079	10.645863	0.6442603	0.012776693	-0.008517795	0.012776693
49269.026	0.15328126	10.636282	0.55803955	0.004258898	-0.002129449	-0.003194173
49269.026	-0.16525635	10.657837	0.3424878	-0.005323622	0.005323622	-0.008517795
49269.026	0.35685793	10.777588	0.9484278	-0.005323622	0.003194173	0.010647244
49269.026	0.3424878	10.001602	0.6466553	-0.015970865	0.018100316	0.005323622
49269.25	0.17004639	10.631493	0.5029541	0.027682835	-0.015970865	0.008517795
49269.25	0.22513184	10.267449	0.48618898	-0.007453071	0.008517795	-0.00958252
49269.25	0.16286133	10.3872	0.39517823	0.004258898	-0.004258898	0.001064724
49269.25	0.16525635	10.614727	0.62989014	-0.005323622	-0.002129449	-0.002129449
49269.25	0.16765137	9.929751	0.5484595	-0.001064724	0.003194173	0.012776693
49269.25	0.1341211	10.753638	0.48139894	0.00958252	-0.005323622	-0.004258898
49269.25	0.25387207	10.516531	0.7879615	-0.005323622	0.005323622	-0.004258898
49269.25	0	10.605147	0.059875492	0.001064724	-0.001064724	0.007453071
49269.25	0.1341211	10.830278	0.7496411	-0.021294488	0.012776693	-0.003194173
49269.25	0.24189699	10.413546	0.4981641	-0.001064724	0.002129449	0.018100316
49269.478	0.102985844	10.676997	0.5029541	0	0.002129449	-0.006388347
49269.478	0.12454102	10.178833	0.5292993	0	0	0.011711968
49269.478	0.026345216	10.734478	0.39757326	0.005323622	-0.007453071	-0.004258898
49269.478	0.19639161	10.442286	0.71371585	-0.006388347	0.003194173	0.003194173
49269.478	-0.083825685	10.760823	0.098195806	0.008517795	-0.005323622	-0.001064724
49269.478	0.06706055	10.818304	0.7232959	-0.010647244	0.005323622	-0.003194173
49269.478	0.117355965	10.336905	0.4167334	-0.002129449	0	0.010647244
49269.478	0.25866213	10.506951	0.6706055	0.004258898	0.006388347	-0.001064724
49269.478	0.08861572	10.164463	0.4742139	0.002129449	0	0.002129449
49269.478	-0.16286133	10.8997345	0.2562671	-0.002129449	0.008517795	-0.006388347
49269.7	0.11496094	10.856624	0.9196875	0	-0.001064724	0.010647244
49269.7	0.1460962	10.36325	0.20118165	-0.021294488	0.014906142	0
49269.7	0.09340577	10.859019	0.9580079	-0.012776693	0.013841418	0.008517795
49269.7	0.37362307	10.190808	0.76401126	0.002129449	-0.002129449	0.004258898
49269.7	0.1939966	10.5764065	0.6011499	0.004258898	-0.002129449	-0.005323622
49269.7	0.12933107	9.948912	0.7185059	0.002129449	-0.003194173	0.004258898
49269.7	0.364043	10.626702	0.6514453	0.018100316	-0.003194173	0.002129449
49269.7	0.28261232	10.32972	0.732876	-0.012776693	0.002129449	0.004258898
49269.7	0.023950197	10.626702	0.019160157	0.008517795	0.002129449	0.002129449
49269.7	0.028740235	10.763218	0.81191164	-0.00958252	0.014906142	-0.00958252
49269.916	0.11496094	10.514136	0.33769777	0.002129449	-0.001064724	0.012776693
49269.916	0.17004639	10.751244	0.6179151	-0.003194173	0.003194173	-0.006388347
49269.916	0.20357667	10.042317	0.60594	-0.006388347	0.001064724	0.005323622
49269.916	0.20597169	10.657837	0.58677983	-0.001064724	-0.002129449	-0.005323622
49269.916	0.24668702	10.171648	0.7041358	-0.004258898	-0.002129449	0
49269.916	-0.009580079	10.5692215	0.059875492	0.013841418	-0.010647244	-0.001064724
49269.916	0.09101075	10.653048	0.85023195	-0.013841418	0.012776693	-0.012776693
49269.916	0.1460962	10.427916	0.33769777	0	-0.001064724	0.007453071
49269.916	0.117355965	10.641072	0.74006104	-0.013841418	0.001064724	0
49269.916	0.100590825	10.025552	0.6011499	-0.001064724	-0.001064724	0.003194173
49270.135	0.30895755	10.662627	0.7496411	0.012776693	-0.002129449	0.005323622
49270.135	0.23950197	10.3512745	0.87178713	-0.006388347	0.001064724	0.004258898
49270.135	0.043110352	10.839859	0.8334668	0.005323622	-0.005323622	0.003194173
49270.135	0.12693603	10.811119	0.9196875	-0.01703559	0.010647244	-0.001064724
49270.135	0.038320314	10.468631	0.34967285	0.008517795	0	0.012776693
49270.135	0.3065625	10.617122	0.76401126	0.002129449	0.012776693	-0.00958252
49270.135	0.1939966	9.831555	0.57719976	0.001064724	0.002129449	0.005323622
49270.135	0.2945874	10.530901	0.6682105	0.015970865	0	0.001064724
49270.135	0.3305127	10.0063925	0.75203615	-0.007453071	-0.005323622	0.001064724
49270.135	-0.047900394	10.679393	-0.033530276	0.001064724	0.001064724	0.012776693
49270.358	0.021555176	10.981165	0.9651929	-0.004258898	0.007453071	0.003194173
49270.358	0.364043	10.31535	0.6730005	-0.004258898	0.008517795	0.005323622
49270.358	0.2203418	10.550061	0.5388794	0	0.005323622	0.001064724
49270.358	0.086220704	9.965676	0.6825806	-0.001064724	-0.003194173	0.008517795
49270.358	0.16046631	10.645863	0.39996827	0.021294488	-0.013841418	-0.005323622
49270.358	0.23950197	10.181229	0.8047266	-0.010647244	-0.003194173	-0.005323622
49270.358	-0.016765138	10.595567	0.14370118	0.020229764	-0.014906142	-0.001064724
49270.358	0.035925295	10.782378	0.7951465	-0.020229764	0.012776693	-0.008517795
49270.358	0.086220704	10.554852	0.366438	0.001064724	0.001064724	0.01703559
49270.358	0.06227051	10.629097	0.6945557	-0.003194173	0.001064724	-0.008517795
49270.581	0.12933107	10.423125	0.40954837	0.003194173	-0.010647244	0.00958252
49270.581	-0.035925295	10.734478	0.10777588	-0.004258898	0.002129449	-0.006388347
49270.581	0.043110352	10.851834	0.9627979	0.008517795	0.001064724	0.014906142
49270.581	0.102985844	10.542876	0.098195806	0.002129449	0.008517795	0.008517795
49270.581	0.011975098	10.760823	0.9987232	-0.008517795	0.008517795	-0.007453071
49270.581	0.3065625	10.1189575	0.5891748	-0.002129449	-0.003194173	0.006388347
49270.581	0.14370118	10.6817875	0.62989014	-0.005323622	0.006388347	-0.006388347
49270.581	0.16046631	10.214759	0.51971924	-0.006388347	-0.00958252	-0.007453071
49270.581	-0.021555176	10.710527	0.4167334	0.013841418	-0.005323622	-0.001064724
49270.581	0.2083667	10.712923	0.79035646	-0.002129449	0.004258898	-0.004258898
49270.799	0.09101075	10.564431	0.21794678	-0.001064724	-0.001064724	0.008517795
49270.799	-0.023950197	10.736873	0.68018556	0.013841418	-0.004258898	0.002129449
49270.799	0.41194338	10.585987	0.41912845	-0.007453071	0.010647244	0.001064724
49270.799	-0.05508545	10.585987	0.5364844	-0.004258898	0.007453071	-0.001064724
49270.799	0.2945874	10.827884	0.78556645	-0.002129449	0.008517795	0.005323622
49270.799	0.05748047	10.583591	0.28979737	-0.013841418	0.014906142	0
49270.799	0.17004639	10.667418	0.78556645	0.00958252	-0.002129449	0.003194173
49270.799	0.23950197	10.042317	0.4622388	-0.01703559	0.014906142	-0.001064724
49270.799	0.06227051	10.684182	0.62510014	0.00958252	-0.004258898	0
49270.799	0.2562671	10.399176	0.44786867	-0.005323622	0.010647244	0
49271.031	0.023950197	10.605147	0.51971924	-0.004258898	0.002129449	0.005323622
49271.031	0.3065625	10.813514	0.8143067	0.00958252	-0.003194173	0.003194173
49271.031	0.09101075	10.181229	0.5724097	-0.013841418	0.008517795	-0.008517795
49271.031	0.11496094	10.705738	0.5484595	0.025553387	-0.005323622	0.010647244
49271.031	0.100590825	10.365645	0.26345217	-0.008517795	0.007453071	0
49271.031	-0.16765137	10.605147	-0.00239502	0.03407118	-0.029812284	0.01703559
49271.031	0.40954837	10.380015	-0.1939966	-0.006388347	0.010647244	-0.015970865
49271.031	-0.39996827	10.645863	0.14849122	-0.013841418	0.015970865	-0.020229764
49271.031	0.10538086	11.0051155	0.58677983	0.029812284	-0.014906142	0.018100316
49271.031	0.23710695	9.807606	0.07903565	-0.037265353	0.033006456	-0.013841418
49271.252	0.083825685	10.641072	0.9532178	0.012776693	0.015970865	-0.002129449
49271.252	0.852627	9.980047	0.45026368	-0.007453071	0.020229764	0.001064724
49271.252	-0.43349856	10.492581	-0.22273682	-0.007453071	0.012776693	0.003194173
49271.252	0.32332766	10.557246	0.30177248	0.020229764	-0.008517795	0.002129449
49271.252	0.083825685	10.473421	-0.086220704	-0.038330078	0.03407118	0.018100316
49271.252	0.019160157	10.935659	0.1460962	0.033006456	-0.019165039	-0.014906142
49271.252	0.62510014	10.171648	0.6466553	-0.015970865	0.010647244	0.007453071
49271.252	-0.48618898	10.847044	-0.6346802	0.019165039	-0.014906142	0.007453071
49271.252	0.06706055	10.550061	-0.29937744	0.056430392	-0.027682835	-0.007453071
49271.252	0.48618898	10.98356	-0.49576905	-0.006388347	0.013841418	0.003194173
49271.476	0.1341211	10.93087	0.56522465	0.027682835	-0.014906142	0.007453071
49271.476	0.06466553	10.4566555	-1.0011182	-0.023423936	0.02661811	0.013841418
49271.476	-0.5843848	10.114168	-0.61073	-0.008517795	-0.002129449	-0.004258898
49271.476	0.09340577	9.915381	-0.007185059	0.033006456	-0.019165039	-0.004258898
49271.476	-0.69695073	10.98835	-1.1136842	0.035135906	-0.021294488	-0.010647244
49271.476	0.3305127	10.487791	-0.08861572	0.008517795	-0.006388347	-0.021294488
49271.476	-0.21076173	10.528506	-0.7424561	-0.012776693	0.021294488	0.024488661
49271.476	-0.031135255	10.691368	-0.27303225	0.002129449	-0.00958252	-0.003194173
49271.476	0.45744875	10.176438	0.37122804	-0.004258898	0	0.006388347
49271.476	-0.4622388	10.770403	-0.8933423	-0.008517795	0.004258898	-0.006388347
49271.704	0.12933107	10.492581	-0.016765138	0.003194173	0	-0.001064724
49271.704	0.081430666	10.600357	-0.34967285	-0.01703559	0.015970865	0.03407118
49271.704	-0.18920656	10.703342	-0.45505372	-0.003194173	0.008517795	-0.012776693
49271.704	0.32572266	10.152488	-0.22513184	0.020229764	-0.00958252	0.011711968
49271.704	-0.49576905	10.894944	-0.61073	0.00958252	-0.004258898	-0.020229764
49271.793	0.6227051	10.056687	0.35925296	-0.005323622	0.002129449	0.012776693
49271.704	-0.43110353	10.854229	-0.53169435	0.002129449	0.005323622	0.021294488
49271.704	-0.050295413	10.5692215	0.07903565	-0.004258898	0.007453071	-0.038330078
49271.704	0.44307864	10.298584	-0.39517823	-0.003194173	-0.006388347	0.038330078
49271.704	-1.1520045	10.847044	-0.86939216	0.023423936	-0.002129449	0
49271.926	0.9580079	10.221944	0.34488282	0.007453071	0.014906142	-0.01703559
49271.926	0.1341211	10.511742	-0.80233157	-0.019165039	0.012776693	0.03407118
49271.926	-0.45744875	11.050621	-0.76161623	-0.022359213	0.028747559	0.03194173
49271.926	-0.68976563	10.195599	-1.6693287	0.050042048	-0.021294488	-0.007453071
49271.926	-0.5340894	10.224339	-1.3052857	0.08091906	-0.04152425	-0.058559842
49271.926	1.9279908	10.296189	1.4920973	0.030877007	0.007453071	-0.014906142
49271.926	2.3255641	10.116563	2.3375392	0.048977323	-0.006388347	-0.03620063
49272.041	2.2608986	10.502161	2.1627028	-0.038330078	0.051106773	0.03407118
49271.926	1.829795	10.2315235	1.6669337	0.039394803	-0.006388347	-0.030877007
49271.926	1.6046631	10.253079	1.22625	0.005323622	0.024488661	-0.019165039
49272.158	1.343606	10.571617	0.50774413	0.002129449	0.038330078	-0.013841418
49272.158	0.27542725	10.985955	-0.97956306	-0.03194173	0.050042048	0.022359213
49272.158	-0.06466553	10.887759	-1.4130616	0.004258898	0.025553387	0.015970865
49272.158	-0.48618898	10.94524	-1.5926881	0.013841418	0.018100316	-0.008517795
49272.158	-0.50534916	10.205178	-1.7124391	0.056430392	-0.001064724	0
49272.158	0.16525635	10.090218	-1.3196558	0.037265353	0.001064724	-0.010647244
49272.158	0.25866213	10.003997	-1.1831397	0.038330078	-0.008517795	0
49272.158	0.059875492	10.636282	-1.3771362	0.029812284	-0.010647244	-0.007453071
49272.158	-0.20357667	10.866204	-2.088457	0.035135906	-0.021294488	-0.003194173
49272.158	-1.0322535	11.165582	-2.931504	0.004258898	0.030877007	-0.008517795
49272.38	-1.0442286	10.87818	-2.8309133	-0.019165039	0.033006456	-0.023423936
49272.38	0.1341211	10.5620365	-1.2957057	0.044718426	-0.022359213	0.028747559
49272.38	0.3784131	10.760823	-1.6334034	0.020229764	0.003194173	-0.010647244
49272.38	-0.47900394	10.823093	-2.6033864	0.00958252	0.014906142	-0.03194173
49272.38	-0.57719976	9.730965	-2.191443	0.003194173	0.022359213	0.033006456
49272.38	0.50774413	10.5692215	-0.92926764	0.025553387	0.001064724	-0.012776693
49272.38	1.0298585	10.540482	-0.9412427	0.013841418	-0.011711968	-0.006388347
49272.38	-0.26345217	10.585987	-2.42855	-0.008517795	0.012776693	-0.019165039
49272.38	0.028740235	10.253079	-1.5687379	-0.022359213	0.03194173	0.025553387
49272.38	-0.79754156	10.34888	-2.4884255	0.001064724	0.020229764	0.003194173
49272.608	-0.3879932	10.190808	-2.5051906	-0.01703559	0.039394803	-0.015970865
49272.608	-0.39996827	9.754915	-2.0549269	0.00958252	0.025553387	-0.006388347
49272.608	-0.3281177	11.326048	-2.3758595	0.02661811	-0.01703559	0.002129449
49272.608	-0.30895755	10.114168	-2.2968237	-0.021294488	0.03620063	0.012776693
49272.608	0.09340577	10.284214	-1.4226416	0.002129449	0.030877007	0.022359213
49272.608	-0.50774413	10.92608	-2.0501368	0.010647244	0.002129449	-0.002129449
49272.608	-0.7544312	10.114168	-3.1542408	0.005323622	0.03407118	-0.007453071
49272.608	0.12693603	10.085427	-2.1028273	-0.008517795	0.033006456	0.00958252
49272.608	-0.15567628	10.966795	-2.2704787	-0.00958252	0.002129449	-0.021294488
49272.608	0.014370117	9.920172	-1.3627661	-0.04045953	0.058559842	-0.001064724
49272.825	-0.20357667	10.7799835	-1.6525636	0.020229764	0.008517795	0.025553387
49272.825	-0.119750984	10.413546	-2.6225464	-0.039394803	0.042588975	0.015970865
49272.825	-1.096919	10.174044	-2.8141482	-0.023423936	0.048977323	0.035135906
49272.825	-0.51492923	11.254197	-1.5974782	0.06601291	-0.010647244	-0.004258898
49272.825	0.17962648	10.171648	-2.0381618	-0.00958252	0.010647244	0.013841418
49272.825	-0.9196875	10.011182	-3.0919704	0	0.019165039	-0.012776693
49272.825	-0.39757326	10.693763	-2.2561085	0.018100316	0.008517795	-0.002129449
49272.825	0.8143067	10.413546	-0.9268726	-0.06494819	0.07985433	0.005323622
49272.825	-1.7986598	11.1248665	-3.4655933	-0.006388347	0.010647244	0.033006456
49272.825	-0.9388477	10.018367	-3.544629	0.047912598	0.019165039	-0.002129449
49273.041	0.040715333	11.076965	-0.5939649	0.046847872	-0.011711968	-0.06601291
49273.041	0.5748047	9.70941	-1.6621436	-0.07133654	0.07027181	0.056430392
49273.041	-0.8286768	11.330838	-2.6345215	0.010647244	0.004258898	0.024488661
49273.041	-0.9053174	10.209969	-2.5962012	-0.004258898	0.038330078	0.002129449
49273.041	-0.21555176	11.132051	-1.7435743	0.03620063	-0.020229764	0.010647244
49273.041	-0.12693603	10.612332	-2.076482	-0.030877007	0.048977323	0.015970865
49273.041	0.031135255	10.32972	-1.7842896	-0.005323622	0.022359213	0.006388347
49273.041	0.31374758	11.014695	-1.0226734	0.030877007	-0.001064724	-0.029812284
49273.041	0.22273682	10.93087	-0.6394702	0.008517795	0.025553387	0.00958252
49273.041	0.5628296	10.782378	-1.8800904	-0.003194173	0.019165039	0.014906142
49273.269	0.19639161	11.757152	-1.6453785	-0.07346598	0.058559842	0.019165039
49273.269	-0.9532178	10.011182	-3.300337	0.022359213	0	-0.004258898
49273.269	-0.3520679	11.196717	-2.459685	0.04045953	-0.019165039	-0.030877007
49273.269	-0.7209009	11.105706	-1.4489869	0.012776693	0.013841418	-0.028747559
49273.269	-0.043110352	10.322535	-1.6453785	0.039394803	-0.00958252	0.00958252
49273.269	0.25147706	11.084151	-1.2837305	-0.007453071	0.011711968	-0.002129449
49273.269	0.34488282	10.104588	-1.4513819	-0.007453071	0.020229764	0.020229764
49273.269	0.17962648	9.513018	-2.816543	-0.008517795	0.020229764	0.014906142
49273.269	-1.0681788	10.243499	-2.823728	0.008517795	0.003194173	-0.013841418
49273.269	-0.32332766	10.092612	-1.2525953	0.039394803	-0.03620063	0.024488661
49273.492	0.47181886	10.233919	-1.0753639	-0.008517795	0.011711968	-0.005323622
49273.492	0.17244141	10.909314	-1.1400293	0.002129449	0.014906142	0.029812284
49273.492	0.12933107	10.159674	-2.0190015	0.011711968	0.007453071	-0.012776693
49273.492	0.3065625	9.984837	-2.0525317	-0.001064724	0.001064724	-0.024488661
49273.492	-1.1088941	10.938055	-1.8058448	0.028747559	-0.002129449	-0.050042048
49273.492	1.8513502	9.79563	-0.24668702	-0.011711968	0.024488661	-0.003194173
49273.492	0.62749517	10.063872	-0.855022	-0.050042048	0.042588975	0.03407118
49273.492	-0.85023195	11.088941	-2.574646	-0.06281874	0.054300945	0.012776693
49273.492	-0.6562354	10.581197	-2.5363257	-0.012776693	0.00958252	0.052171495
49273.492	-0.7209009	11.275752	-2.9099488	-0.07559543	0.042588975	0.023423936
49273.719	-1.099314	10.358459	-2.2704787	0.015970865	-0.014906142	0.014906142
49273.719	0.4167334	10.854229	-2.579436	0.07240126	-0.027682835	-0.020229764
49273.719	0.30416748	11.167976	0.23471193	0.011711968	0.006388347	-0.08943685
49273.719	1.4154567	10.085427	0.57959473	-0.03194173	0.047912598	0.014906142
49273.719	0.66342044	10.564431	-0.1101709	-0.09476047	0.0830485	0.020229764
49273.719	-0.22992188	11.000325	-1.1639795	-0.061754014	0.060689293	0.05323622
49273.719	-1.4370118	11.244617	-3.4751735	-0.04045953	0.033006456	0.04152425
49273.719	-0.16525635	9.788445	-2.3998096	0.058559842	-0.028747559	0.018100316
49273.719	1.1352394	10.281819	-0.39517823	0.018100316	-0.004258898	0.005323622
49273.719	-0.6394702	10.394385	-1.6884888	0.033006456	-0.023423936	0.001064724
49273.944	-0.88376224	11.405084	-2.804568	0.050042048	-0.04045953	-0.019165039
49273.944	1.1975098	9.74294	-0.019160157	-0.076660156	0.06920709	0.012776693
49273.944	1.0657837	10.243499	-1.4705421	-0.020229764	0.020229764	0.050042048
49273.944	-0.54366946	10.808723	-2.6512868	-0.09263102	0.06601291	-0.035135906
49273.944	-1.2358302	10.636282	-2.2393434	-0.047912598	0.025553387	-0.004258898
49274.039	-2.8452833	11.136841	-2.5578809	0.09050158	-0.06601291	0.020229764
49274.087	-0.5364844	11.067386	-2.3926246	0.07346598	-0.051106773	0.02661811
49273.944	0.23710695	9.956097	-1.2430152	0.03407118	-0.011711968	-0.01703559
49273.944	2.2321582	9.932146	-0.37362307	0.001064724	0.007453071	-0.0436537
49273.944	-0.6945557	11.105706	-2.1555176	-0.060689293	0.002129449	0.018100316
49274.175	-0.2945874	9.366921	-0.84544194	0.022359213	0	-0.059624568
49274.175	0.5556446	9.594449	-2.1555176	0.039394803	-0.018100316	0.03620063
49274.175	-0.49337405	10.688972	-0.44307864	-0.023423936	0.010647244	-0.050042048
49274.175	2.8692336	9.469908	-0.613125	0.059624568	-0.020229764	0.037265353
49274.175	0.44307864	10.095008	-1.219065	-0.0830485	0.05536567	-0.019165039
49274.175	0.18920656	11.8074465	-0.96040285	-0.003194173	-0.025553387	0.001064724
49274.175	-0.119750984	11.464959	-1.5232325	-0.039394803	-0.005323622	-0.027682835
49274.175	0.6011499	9.898616	-0.73527104	-0.056430392	0.05536567	-0.033006456
49274.175	0.6011499	9.898616	-0.73527104	-0.047912598	0.042588975	-0.0436537
49274.175	-0.9867481	11.57034	-0.07424561	-0.020229764	0.004258898	-0.061754014
49274.393	-0.9867481	11.57034	-0.07424561	-0.020229764	0.004258898	-0.061754014
49274.393	-0.4382886	10.796748	-0.8765772	-0.037265353	0	-0.001064724
49274.393	-0.5221143	9.565708	-1.2837305	0.048977323	-0.012776693	0.005323622
49274.393	-0.9627979	11.429033	-2.565066	0.015970865	-0.03194173	-0.030877007
49274.393	0.53169435	9.663904	-0.5029541	-0.007453071	0.005323622	0.011711968
49274.393	-0.7424561	11.407478	-0.96758795	-0.024488661	-0.013841418	-0.05323622
49274.393	-0.2706372	10.008787	-0.5484595	-0.100084096	0.07878961	0.012776693
49274.393	-0.12454102	9.948912	0.043110352	0.00958252	0.01703559	0.03194173
49274.393	2.7686427	9.7621	-0.050295413	-0.06494819	0.06707764	0.024488661
49274.393	-2.926714	9.220825	-3.4895437	0.061754014	-0.018100316	0.04045953
49274.616	0.9699829	9.821976	0.366438	-0.038330078	0.07133654	-0.14054362
49274.616	1.22625	10.420731	-0.18681154	-0.02661811	0.006388347	0.14054362
49274.616	-0.30177248	9.970467	-0.18441652	-0.07878961	0.04045953	-0.013841418
49274.616	0.17004639	10.147698	1.1567944	0.093695745	-0.046847872	0.05323622
49274.616	1.6932789	11.50328	-1.9184108	0.04045953	-0.038330078	-0.028747559
49274.616	-1.1424243	10.727293	0.55803955	-0.03620063	0.021294488	-0.095825195
49274.616	-0.119750984	10.957214	-1.0035132	0.084113225	-0.07878961	0.0915663
49274.616	-0.5340894	10.705738	-2.560276	-0.0436537	0.010647244	-0.06494819
49274.616	-0.043110352	9.982442	-1.5711329	-0.04152425	0.02661811	0.018100316
49274.616	-2.2632935	11.347603	-1.8202149	0.007453071	-0.013841418	-0.06920709
49274.844	0.366438	10.97398	1.4944923	0.029812284	-0.005323622	0.008517795
49274.844	1.719624	10.502161	-0.80233157	-0.09901937	0.07559543	0.03194173
49274.844	-2.074087	11.326048	-2.4189699	-0.09263102	0.05536567	-0.013841418
49274.844	-1.6166383	11.199112	-3.9733377	0.057495117	-0.06814236	0.02661811
49274.844	-0.51971924	11.196717	-1.0777588	-0.029812284	0.015970865	-0.07240126
49274.844	-0.63707525	11.000325	0.3065625	0.030877007	-0.029812284	0.04578315
49274.844	0.50774413	10.653048	0.47181886	0.033006456	-0.004258898	-0.044718426
49274.844	4.2008643	10.581197	4.806804	-0.06281874	0.06707764	-0.05536567
49274.844	3.178191	10.104588	0.27303225	-0.34603542	0.19910346	0.13734944
49274.844	-5.5229154	9.901011	-3.9853127	0.076660156	-0.07346598	-0.015970865
49275.067	-1.8633252	10.832674	-4.0116577	0.24701606	-0.14480253	-0.054300945
49275.067	2.8476784	11.136841	1.7699195	-0.059624568	0.06494819	-0.054300945
49275.067	1.2046949	11.122471	1.6573536	0.09263102	-0.03620063	0.04578315
49275.067	0.3305127	10.691368	-1.2478052	-0.051106773	0.06814236	0.00958252
49275.067	-0.7592212	10.399176	-0.028740235	0.11818441	-0.044718426	0.004258898
49275.067	2.1148024	10.875784	0.14370118	0.03620063	0.021294488	0.007453071
49275.067	-0.8047266	9.800421	-2.6345215	-0.002129449	0.027682835	-0.002129449
49275.067	-2.318379	10.631493	-2.4836354	0.07027181	-0.006388347	-0.048977323
49275.067	0.2083667	10.698553	-0.39996827	0.1788737	-0.06388346	-0.024488661
49275.067	1.6046631	10.166859	-0.3520679	0.08517795	-0.029812284	-0.06494819
49275.296	-0.60833496	10.777588	-2.1339624	-0.020229764	0.04045953	0.001064724
49275.296	0.050295413	10.459051	-1.099314	-0.050042048	0.03620063	-0.052171495
49275.296	-2.0285816	11.03625	-1.7890797	-0.003194173	0.007453071	0.006388347
49275.296	-0.2203418	10.147698	-3.027305	0.08517795	-0.052171495	0.014906142
49275.296	0.5748047	10.636282	-0.8047266	-0.002129449	0.020229764	-0.05536567
49275.296	-0.1939966	11.433824	1.9232007	0.023423936	-0.008517795	-0.04578315
49275.296	1.9854712	11.199112	0.86939216	0.06814236	-0.048977323	0.022359213
49275.296	1.7699195	10.114168	1.099314	-0.16183811	0.10860189	-0.025553387
49275.296	-2.7830129	10.772799	-2.5123756	-0.005323622	-0.04045953	0.06707764
49275.296	-0.4622388	11.54639	-4.4379716	-0.04578315	0.025553387	0.04578315
49275.524	-1.9974464	10.815908	-2.1818628	-0.08198378	0.037265353	-0.020229764
49275.524	0.30177248	9.493857	-3.2093263	0.13415527	-0.11392551	0.09901937
49275.524	-1.0562036	10.5620365	-4.392466	-0.035135906	0.013841418	-0.1267022
49275.524	0.28740236	9.989627	3.410508	-0.03620063	0.01703559	-0.051106773
49275.524	2.543511	9.362132	0.14370118	0.028747559	0.004258898	0.07133654
49275.524	2.0525317	10.154883	-2.672842	-0.19803874	0.10221355	0.06707764
49275.524	-4.6128078	9.905801	-3.2500417	0.059624568	-0.06388346	-0.06920709
49275.524	1.8609302	9.395662	-0.76401126	0.14906141	-0.0873074	-0.03620063
49275.524	0.24189699	11.299703	0.37601808	-0.054300945	0.01703559	0.023423936
49275.524	0.5604346	10.995535	-0.6993457	0.058559842	-0.054300945	0.058559842
49275.742	-0.059875492	10.870995	-2.7207422	-0.08198378	0.052171495	-0.020229764
49275.742	-2.0812721	10.032737	-0.19160157	-0.014906142	0.028747559	-0.005323622
49275.742	0.91010743	11.1176815	-1.477727	0.11818441	-0.06388346	0.093695745
49275.742	0.11496094	10.588382	-4.392466	-0.17567952	0.100084096	-0.035135906
49275.742	-2.543511	11.086546	0.3544629	-0.015970865	0.005323622	0.11073134
49275.742	0.88376224	10.7799835	-4.505032	0.03620063	-0.030877007	0.09050158
49275.742	-0.88376224	10.985955	0.2562671	-0.08943685	0.05536567	-0.015970865
49275.742	0.16046631	11.443404	-1.9663111	-0.047912598	-0.006388347	0.05323622
49275.742	-0.26584718	11.572735	0.035925295	-0.046847872	0.015970865	0.07878961
49275.742	-0.011975098	10.550061	-2.560276	-0.013841418	0.025553387	-0.005323622
49275.978	0.11256592	9.798025	-1.7986598	-0.12031386	0.07240126	0.024488661
49275.978	-1.9926564	11.426639	-2.3830445	0.097954646	-0.058559842	0.023423936
49275.978	0.60594	11.191927	-0.9867481	0.033006456	-0.007453071	0.044718426
49275.978	0.22273682	10.121353	-0.9053174	0.097954646	-0.051106773	0.04578315
49275.978	1.6836988	10.432706	-0.60833496	-0.022359213	0.04578315	-0.046847872
49275.978	-2.1722827	11.709251	0.119750984	-0.119249135	0.0873074	0.023423936
49275.978	0.31374758	12.068504	-1.6645386	0.07985433	-0.07240126	0.11605496
49275.978	-0.39757326	10.267449	-2.6464968	0.027682835	-0.003194173	-0.047912598
49275.978	-0.35685793	10.106983	1.0514137	0.03407118	-0.001064724	-0.100084096
49275.978	-0.2802173	10.6746025	0.60594	0.1309611	-0.084113225	0.057495117
49276.198	2.1219873	11.060201	-1.7292042	0.0436537	-0.014906142	0.03620063
49276.198	-1.4897022	10.98835	-1.6405884	-0.076660156	0.042588975	-0.001064724
49276.198	0.09101075	11.100916	-0.39517823	0.06707764	-0.03620063	0.08198378
49276.198	0.74724615	9.984837	-4.24637	-0.028747559	0.011711968	0.037265353
49276.198	-1.468147	9.800421	-1.1759547	0.033006456	-0.027682835	-0.095825195
49276.198	1.4346168	10.293795	-0.16525635	0.076660156	-0.058559842	-0.028747559
49276.198	0.62989014	11.060201	-0.62749517	-0.013841418	-0.019165039	0.014906142
49276.198	-0.07903565	10.854229	-1.1951149	0.01703559	-0.022359213	-0.051106773
49276.198	2.3686745	9.22801	1.2861255	-0.1267022	0.084113225	0.002129449
49276.198	0.17244141	10.257869	-2.3327491	-0.11392551	0.06281874	0.15119086
49276.423	-0.89573735	9.390872	-3.1925611	-0.10221355	0.048977323	0.06281874
49276.423	-0.4742139	10.947635	-3.151846	0.060689293	-0.097954646	0.035135906
49276.423	-0.63707525	10.530901	-0.18441652	0.04152425	-0.03407118	-0.07133654
49276.423	2.208208	9.850716	3.3242872	0.042588975	-0.028747559	-0.023423936
49276.423	1.7771046	10.839859	-1.1615845	-0.01703559	-0.007453071	0.08198378
49276.423	-2.0453467	11.572735	-0.84544194	-0.058559842	0.046847872	-0.06388346
49276.423	0.54366946	11.893667	0.4047583	0.14693196	-0.093695745	0.030877007
49276.423	1.7531544	10.614727	-2.3806496	0.023423936	-0.015970865	0.033006456
49276.423	-1.5136524	10.645863	0.06227051	-0.002129449	0.023423936	-0.13309056
49276.423	0.047900394	11.151212	1.2573853	0.13841417	-0.06814236	0.0436537
49276.642	0.42152345	11.522439	-2.2129982	0.07559543	-0.019165039	-0.046847872
49276.642	-1.2981006	9.702225	-2.2848487	0.09476047	-0.057495117	-0.044718426
49276.642	1.6262183	10.245894	2.2441335	0.121378586	-0.01703559	-0.09476047
49276.642	1.3675562	9.872271	0.1341211	0.13309056	-0.047912598	-0.054300945
49276.642	0.17244141	10.28661	-2.2249732	0.07985433	-0.02661811	0.058559842
49276.642	-2.2800586	10.94045	-2.308799	0.076660156	-0.014906142	-0.020229764
49276.642	1.3028907	10.700948	-1.0801538	0.10114882	-0.048977323	0.027682835
49276.642	-0.1101709	10.336905	-2.3998096	0.01703559	-0.002129449	-0.07240126
49276.642	0.17723145	10.162068	1.0083033	0.007453071	0.00958252	-0.08198378
49276.642	2.9219239	9.941727	-0.9651929	-0.008517795	-0.00958252	0.07240126
49276.865	-0.8981324	9.721385	-3.7218604	-0.021294488	0.005323622	-0.05323622
49276.865	-0.3161426	9.982442	-0.76401126	-0.05536567	0.01703559	-0.097954646
49276.865	-0.8047266	11.093731	0.31135255	0.14267308	-0.119249135	0.001064724
49276.865	2.4644752	11.270963	1.4178516	0.001064724	-0.03194173	-0.09476047
49276.865	0.3305127	9.80521	2.4525	-0.18845622	0.1309611	-0.029812284
49276.865	-0.05748047	9.833951	0.38320315	-0.056430392	0.042588975	0.054300945
49276.865	-0.08861572	11.553575	-1.5328126	-0.08198378	0.038330078	0.022359213
49276.865	-1.2789404	10.832674	-2.2273684	-0.07772488	0.022359213	0.0436537
49276.865	-0.32093263	9.041199	-2.083667	-0.029812284	0.007453071	-0.044718426
49276.865	-0.23950197	9.041199	-0.035925295	-0.015970865	0.00958252	0.020229764
49277.079	0.17483643	10.442286	-2.3135889	-0.011711968	-0.01703559	0.008517795
49277.079	-2.9794044	11.141631	-0.8981324	0.003194173	-0.023423936	-0.10114882
49277.079	-0.26584718	10.648257	-0.24668702	0.166097	-0.124572754	0.037265353
49277.079	1.7771046	9.857901	0.1341211	0.005323622	0.03407118	-0.0873074
49277.079	0.1460962	10.7799835	1.4849122	-0.021294488	0.04152425	-0.011711968
49277.079	1.2310401	11.8074465	2.430945	0	0.030877007	-0.010647244
49277.079	4.6726832	11.292518	4.287085	-0.15970866	0.12350803	0.021294488
49277.079	-2.4932153	9.616004	-5.4678297	-0.18845622	0.121378586	0.1224433
49277.079	-4.2200246	9.524993	-5.5492606	0.16183811	-0.08517795	-0.14480253
49277.079	1.1160791	10.5620365	1.4968873	0.17567952	-0.10434299	-0.10221355
49277.294	1.9711012	10.291399	0.7232959	0.09263102	-0.09263102	0.015970865
49277.294	0.859812	10.947635	-1.8369801	0.044718426	-0.051106773	-0.057495117
49277.294	0.17004639	10.4494705	2.9051588	-0.028747559	0.04578315	-0.08943685
49277.294	-0.6011499	10.844649	-2.8285182	0.13202582	-0.10221355	-0.001064724
49277.294	3.7697608	12.070899	5.110972	-0.29492867	0.18845622	0.020229764
49277.36	-7.2640944	11.270963	-8.217313	0.166097	-0.1746148	0.2970581
49277.294	-2.191443	9.72857	-4.2104445	0.07133654	-0.029812284	-0.31196424
49277.294	1.6645386	10.655442	5.221143	0.09901937	-0.086242676	0.1746148
49277.294	1.0729688	11.457774	-6.241421	-0.024488661	-0.018100316	0.17993842
49277.294	-6.945557	11.4625635	-4.751719	-0.001064724	-0.044718426	-0.03407118
49277.518	1.5423926	11.64219	3.8200562	0.4099189	-0.25021023	-0.052171495
49277.518	4.267925	10.669812	0.98914313	-0.21294488	0.15757921	0.21081543
49277.518	4.267925	10.669812	0.98914313	-0.21188016	0.2044271	0.14267308
49277.518	5.4750147	10.296189	4.366121	-0.1267022	0.16077338	0.03407118
49277.518	-3.2332766	10.085427	-4.9337406	-0.1267022	0.16077338	0.03407118
49277.518	2.567461	11.644586	1.705254	0.029812284	0.023423936	-0.04152425
49277.518	-2.9961696	11.287727	-4.3421707	0.07772488	-0.014906142	-0.093695745
49277.518	-4.3158255	11.251802	-5.0702567	0.36307102	-0.21613905	0.011711968
49277.518	4.7397437	9.889036	3.2308815	0.004258898	0.07878961	-0.1788737
49277.518	1.9663111	10.0063925	4.4259963	-0.046847872	0.054300945	0.111796066
49277.738	-0.79754156	9.278306	-6.1743608	0.007453071	0.010647244	0.15970866
49277.738	-2.1076174	9.745335	-2.8692336	0.059624568	-0.024488661	-0.17567952
49277.738	1.341211	10.097403	1.7603394	0.09050158	-0.08943685	-0.027682835
49277.738	-0.4263135	11.096126	-1.1591895	-0.057495117	-0.005323622	0.010647244
49277.738	-0.61073	9.604029	0.85023195	-0.07240126	0.013841418	-0.012776693
49277.738	0.023950197	10.894944	-1.3675562	0.04578315	-0.109666616	0.054300945
49277.738	0.32093263	10.28661	0.5484595	-0.08091906	-0.020229764	-0.052171495
49277.738	3.0536501	8.816068	2.8404932	-0.1309611	0.04578315	0.002129449
49277.738	1.8800904	9.093889	2.2632935	-0.27150473	0.124572754	0.003194173
49277.738	-0.30416748	9.7621	0.7041358	-0.13202582	0.051106773	0.058559842
49277.96	1.104104	9.168135	-0.38320315	-0.20229764	0.124572754	-0.019165039
49277.96	0.6466553	9.493857	2.7662477	-0.15438505	0.093695745	0.037265353
49277.96	-1.2094849	11.464959	-2.7159522	-0.004258898	-0.084113225	0.13628472
49277.96	-0.86939216	10.181229	-1.8633252	-0.1479967	0.07772488	-0.024488661
49277.96	-0.3065625	9.546548	0.21555176	-0.06494819	0.044718426	0.025553387
49277.96	-0.18920656	12.0110235	-2.2345533	0.01703559	-0.029812284	0.0830485
49277.96	0.6562354	11.165582	-0.60833496	-0.112860784	0.095825195	-0.028747559
49277.96	0.16525635	11.505674	0.85741705	-0.029812284	0.033006456	0.054300945
49277.96	3.3721876	11.56076	2.411785	-0.048977323	0.06601291	0.019165039
49277.96	1.0873389	12.169095	-1.4394068	-0.06920709	0.061754014	0.07027181
49278.187	-0.21076173	12.152329	1.1136842	0.16290283	-0.048977323	-0.2225274
49278.187	0.12933107	11.54639	-1.0466236	0.2310452	-0.09901937	-0.02661811
49278.187	-1.8729054	13.1438675	-4.0859036	0.024488661	0.023423936	-0.06920709
49278.187	-3.4608033	11.539205	-2.2537134	0.1267022	-0.022359213	0.020229764
49278.187	0.00239502	11.745176	-3.6116896	0.21933323	-0.0830485	0.056430392
49278.187	-0.55324954	11.448194	-1.6357985	-0.028747559	0.07133654	-0.12031386
49278.187	-1.2861255	8.957374	-0.79993653	0.1267022	-0.050042048	-0.008517795
49278.187	-2.3734643	10.171648	-4.785249	0.16290283	-0.061754014	-0.1224433
49278.187	-0.87897223	10.942844	2.3686745	0.028747559	0.001064724	-0.11392551
49278.187	0.5221143	9.220825	-1.2981006	0.1788737	-0.12989637	0.14267308
49278.405	0.56522465	10.123748	-0.33290774	0.05323622	-0.011711968	-0.15651448
49278.405	4.0356083	8.617281	4.687053	-0.1703559	0.09688992	0.06494819
49278.405	-2.6776319	10.2315235	-2.9817994	-0.07133654	-0.023423936	0.19697401
49278.405	-0.9412427	10.140513	-2.936294	0	-0.039394803	-0.1703559
49278.405	3.7458107	9.002879	8.258028	0.006388347	-0.020229764	-0.12350803
49278.405	7.654483	8.344249	4.160149	-0.23317465	0.112860784	0.15757921
49278.405	0.6179151	9.532178	0.16525635	-0.39820692	0.2044271	-0.04152425
49278.405	-3.1925611	10.995535	-1.583108	-0.002129449	-0.09688992	-0.06494819
49278.405	-0.39517823	9.960887	-0.29698244	0.039394803	-0.0915663	-0.09050158
49278.405	-2.459685	10.200389	2.703977	0.014906142	-0.050042048	-0.047912598
49278.632	0.39757326	11.02188	-3.03928	0.18952094	-0.1831326	0.15544976
49278.632	-1.1663746	12.212205	-0.081430666	-0.051106773	0.008517795	-0.119249135
49278.632	1.5591577	10.698553	5.709727	-0.061754014	0.051106773	0.060689293
49278.632	-0.72569096	10.894944	-3.2692018	0.018100316	-0.027682835	0.29918757
49278.632	-4.758904	11.611055	-4.790039	0.105407715	-0.047912598	-0.07240126
49278.632	2.42855	11.455379	6.4258375	0.1522556	-0.056430392	-0.006388347
49278.632	3.9948928	11.958333	1.8848804	-0.042588975	0.08943685	0.112860784
49278.632	-3.0967603	10.87818	-2.8428884	-0.076660156	0.06814236	0.059624568
49278.632	-2.1818628	10.552457	-0.7496411	0.38755968	-0.21507433	-0.012776693
49278.632	2.6129665	11.352393	0.49097902	0.2565986	-0.117119685	-0.10434299
49278.846	2.6201515	9.845925	3.5566041	0.005323622	0.050042048	-0.028747559
49278.846	1.8729054	11.273357	3.5757644	0.004258898	0.054300945	0.06920709
49278.846	-0.09101075	10.777588	-4.2296047	0.059624568	0.001064724	0.09263102
49278.846	-2.1411476	10.830278	-3.6691701	0.074530706	-0.007453071	-0.14054362
49278.846	-1.6669337	10.744058	-0.57001466	0.33325875	-0.21188016	-0.006388347
49278.846	2.2608986	11.529625	0.51013917	0.15438505	-0.07985433	-0.1522556
49278.846	1.3483961	11.261382	5.1397123	-0.004258898	0.022359213	-0.09901937
49278.846	3.1949563	11.417059	4.2799	0.09688992	-0.037265353	0.035135906
49278.846	2.6488917	9.984837	0.7783814	-0.1703559	0.13628472	0.028747559
49278.846	-0.45505372	10.633887	1.2837305	-0.10860189	0.07133654	0.014906142
49279.063	1.5974782	10.96919	-1.5974782	-0.020229764	-0.005323622	0.12563749
49279.063	-0.23950197	10.265054	-3.661985	-0.07027181	0.027682835	-0.11073134
49279.063	-1.4753321	9.74294	1.9854712	0.03620063	-0.042588975	-0.027682835
49279.063	0.5460645	10.734478	-1.7627344	0.12776692	-0.11605496	0.021294488
49279.063	-1.4609619	9.78605	-1.6765138	-0.050042048	-0.002129449	-0.1831326
49279.063	-3.415298	11.630216	0.4023633	0.13628472	-0.09476047	-0.058559842
49279.063	2.1722827	12.061319	2.4812403	0.21507433	-0.12031386	0.015970865
49279.063	3.396138	10.648257	5.0199614	-0.06388346	0.074530706	-0.16290283
49279.063	1.5112574	11.395503	2.5985963	-0.07346598	0.060689293	0.11392551
49279.063	-2.1627028	11.060201	-5.5372853	-0.02661811	0.029812284	-0.023423936
49279.283	-3.4943337	10.842254	-1.9375709	0.11073134	-0.029812284	-0.04152425
49279.283	2.5387208	10.813514	0.61073	0.04045953	-0.006388347	0.035135906
49279.283	-0.63707525	11.53681	-0.5676197	-0.037265353	0.03194173	0.08517795
49279.283	-1.7603394	9.78605	-3.68354	0.19271512	-0.09050158	-0.025553387
49279.283	2.3734643	9.546548	2.335144	0.014906142	0.03620063	-0.14906141
49279.283	0.26584718	9.7142	3.1063404	0.07772488	-0.030877007	0.07133654
49279.283	1.1520045	10.250684	-0.84544194	0.025553387	-0.005323622	0.030877007
49279.283	-3.4871485	10.356065	-1.331631	0.001064724	0.019165039	-0.050042048
49279.283	4.277505	9.678274	1.1663746	-0.019165039	0.007453071	0.061754014
49279.283	-2.5219557	11.292518	-3.6548	-0.15864393	0.086242676	0.07772488
49279.497	-3.7410207	9.568104	-4.6607084	0.22785102	-0.19165039	-0.003194173
49279.497	-0.7089258	11.141631	-1.092129	0.12989637	-0.084113225	-0.2044271
49279.497	-0.5748047	10.861414	2.1531227	0.13947889	-0.1267022	0.004258898
49279.497	2.6297317	10.394385	2.7830129	0.04578315	-0.051106773	-0.019165039
49279.497	-0.2562671	11.093731	2.579436	0.12350803	-0.10434299	-0.025553387
49279.497	4.8594947	9.867481	4.9505057	-0.23423937	0.18419732	-0.13202582
49279.497	-0.76401126	10.641072	3.2141163	-0.10434299	0.050042048	0.18739149
49279.497	-1.0083033	10.873389	-3.408113	0.015970865	-0.02661811	0.06707764
49279.497	-1.8800904	10.830278	-2.8692336	0.019165039	-0.006388347	-0.033006456
49279.497	-0.09580079	10.712923	-0.366438	-0.04578315	0.02661811	-0.018100316
49279.712	-2.9626393	11.534414	-1.1879297	0.10860189	-0.07985433	0.119249135
49279.712	1.7938697	10.164463	-2.3902297	0.0830485	-0.04045953	-0.00958252
49279.712	-1.9567311	10.003997	0.5125342	-0.06920709	0.044718426	-0.1746148
49279.712	-1.2621753	10.3393	-0.07424561	0.31302896	-0.22359213	0.023423936
49279.712	4.785249	10.28661	4.3709106	-0.09263102	0.09901937	-0.08091906
49279.712	0.732876	10.710527	2.579436	-0.19697401	0.13734944	0.13309056
49279.712	-1.8753004	10.083033	-4.703819	0.06494819	-0.03194173	0.013841418
49279.712	0.50774413	9.75731	-1.9950514	0.035135906	-0.029812284	-0.059624568
49279.712	-3.9302273	11.132051	-0.8095166	0.119249135	-0.12031386	-0.027682835
49279.712	2.912344	9.874666	0.76880133	0.06814236	-0.08198378	0.10647244
49279.93	-1.9974464	10.542876	-2.684817	-0.18419732	0.100084096	-0.01703559
49279.93	-2.4956105	10.832674	-2.2177882	0.12350803	-0.105407715	0.107537165
49279.93	2.4716604	9.551338	-0.6658155	-0.06814236	0.042588975	-0.06388346
49279.93	0.62510014	10.047108	2.787803	0.001064724	-0.011711968	0.004258898
49279.93	1.3148658	10.169253	-1.2861255	0.056430392	-0.048977323	0.054300945
49279.93	-0.7113208	10.506951	0.6466553	0.020229764	-0.018100316	-0.1522556
49279.93	2.4501052	10.847044	1.6501685	-0.08943685	0.018100316	0.03407118
49279.93	-2.560276	10.523716	-4.152964	-0.037265353	0.001064724	0.05536567
49279.93	-0.7783814	11.936778	-1.8154249	-0.06494819	0.035135906	-0.054300945
49279.93	-3.5829494	11.51765	1.2478052	0.15119086	-0.054300945	-0.076660156
49280.149	5.0439115	10.602752	-1.4873072	-0.21933323	0.1479967	0
49280.149	-7.527547	11.970308	-2.5315359	-0.13202582	0.050042048	0.01703559
49280.149	-0.7496411	9.953702	-1.2621753	0.28108725	-0.17674425	0.061754014
49280.149	2.8476784	9.759705	4.598438	-0.088372126	0.10434299	-0.06601291
49280.149	1.5471827	10.145303	1.5280225	-0.19910346	0.114990234	0.31622314
49280.149	-1.6860938	11.539205	-4.2128396	0.057495117	-0.050042048	0.013841418
49280.149	0.51013917	10.080638	-2.4189699	-0.17780897	0.07027181	-0.029812284
49280.149	-3.3841627	11.369158	0.78556645	-0.14480253	0.033006456	0.035135906
49280.149	-1.3627661	11.433824	-5.51094	0.2267863	-0.22998047	0.07985433
49280.149	4.045188	8.789722	2.548301	-0.18419732	0.100084096	-0.27895778
49280.366	-0.5484595	10.502161	2.692002	0.20229764	-0.18845622	0.088372126
49280.366	3.9901028	9.627979	-5.585186	-0.40778944	0.22998047	-0.12883165
49280.366	-6.952742	10.38241	0.34009278	0.013841418	-0.076660156	-0.20762126
49280.366	0.68018556	9.857901	0.18681154	0.3971422	-0.27576363	-0.030877007
49280.366	6.67971	9.869876	5.719307	-0.24062772	0.14480253	-0.037265353
49280.366	3.0177248	9.491463	4.485872	-0.17567952	0.08091906	0.16396756
49280.366	-1.3819263	11.194322	-2.6369166	-0.07027181	0.01703559	0.0873074
49280.366	-0.23710695	11.931988	0.7089258	-0.028747559	0.011711968	-0.07240126
49280.366	-0.6490503	11.225457	-0.24189699	0.14054362	-0.100084096	0.020229764
49280.366	-1.4250367	11.690091	-0.64186525	0.093695745	-0.04578315	-0.0915663
49280.584	0.10538086	10.667418	1.3603711	0.23423937	-0.13734944	0.004258898
49280.584	1.6573536	10.669812	2.8620484	0.09263102	0	-0.19910346
49280.584	2.5411158	10.550061	3.3171022	0.09901937	-0.038330078	0.044718426
49280.584	0.6442603	9.826766	-0.6011499	0.12989637	-0.027682835	-0.074530706
49280.584	2.0142114	9.702225	4.5074267	0.076660156	0.005323622	-0.084113225
49280.584	1.7579445	9.912986	3.7601807	0.06814236	0.014906142	0.061754014
49280.584	2.4692652	10.380015	0.49337405	-0.07133654	0.084113225	0.08517795
49280.584	-2.3447242	10.839859	-1.1687696	0.07772488	-0.011711968	0.019165039
49280.584	2.189048	10.174044	0.977168	0.025553387	-0.007453071	0.088372126
49280.584	2.8716285	10.950029	1.6286134	0.015970865	0.006388347	0.074530706
49280.798	2.8716285	10.950029	1.6286134	0.003194173	0.020229764	0.035135906
49280.798	-0.69216067	9.627979	-0.7783814	0.003194173	0.020229764	0.035135906
49280.798	-0.37601808	10.672208	-3.671565	-0.033006456	0.010647244	0.04152425
49280.798	-1.6765138	11.752361	-1.5136524	-0.24914551	0.13734944	0.12031386
49280.798	-3.4943337	11.819422	-4.423601	0.020229764	-0.039394803	-0.04045953
49280.798	-1.9711012	11.991863	-2.074087	-0.028747559	-0.007453071	-0.05536567
49280.798	-1.8537452	12.425362	1.949546	-0.05323622	0.00958252	-0.10221355
49280.798	-1.6932789	11.644586	1.0490186	0.025553387	-0.02661811	0.07878961
49280.798	0.52690434	11.460169	-0.35685793	-0.003194173	-0.012776693	-0.06707764
49280.798	0.40954837	11.611055	3.755391	-0.07878961	0.051106773	-0.06388346
49281.017	1.4346168	11.421848	2.5075855	-0.059624568	0.037265353	0.050042048
49281.017	0.1101709	11.292518	0.5340894	-0.23530409	0.14693196	0.048977323
49281.017	-3.781736	11.486514	-2.047742	-0.124572754	0.054300945	0.124572754
49281.017	-3.412903	11.172767	-6.0617948	0.1224433	-0.109666616	0.060689293
49281.017	-2.8883936	10.732083	-1.8776954	0.046847872	-0.05323622	-0.10860189
49281.017	2.1076174	10.950029	5.738467	0.06707764	-0.054300945	-0.038330078
49281.017	3.0536501	11.220667	3.391348	-0.18526204	0.12350803	0.035135906
49281.017	-1.8896705	10.921289	1.4920973	-0.23317465	0.14586724	0.033006456
49281.017	-0.79993653	11.084151	-1.1088941	-0.054300945	0.021294488	0.16929118
49281.017	-2.1674929	11.637401	-1.7890797	0.005323622	-0.006388347	-0.015970865
49281.238	0.73527104	11.412269	2.4836354	-0.07240126	0.037265353	0.054300945
49281.238	0.031135255	11.306888	-0.6945557	-0.056430392	0.01703559	0.1437378
49281.238	-0.098195806	11.699671	0.8981324	0.029812284	-0.019165039	-0.10647244
49281.238	0.62031007	11.970308	5.125342	-0.018100316	0.024488661	-0.03194173
49281.238	3.4775686	11.321258	4.152964	-0.03194173	0.03620063	0.028747559
49281.238	3.3865578	10.729688	5.599556	-0.24701606	0.17674425	0.105407715
49281.238	-2.1052222	11.697276	-1.2382251	-0.06601291	0.03620063	0.121378586
49281.238	-1.3483961	11.460169	-1.1687696	0.09688992	-0.042588975	-0.06920709
49281.238	0.24908204	11.706856	2.6153615	0.002129449	0.024488661	-0.057495117
49281.238	0.51971924	12.121195	2.0237916	-0.07133654	0.07027181	0.0436537
49281.462	2.083667	10.693763	3.9565725	-0.17674425	0.14693196	0.03194173
49281.462	0.22752686	11.340418	1.9902613	-0.11392551	0.086242676	0.12350803
49281.462	0.05269043	10.93087	0.7783814	-0.10434299	0.076660156	0.030877007
49281.462	-1.4250367	10.866204	-0.81909674	-0.07559543	0.033006456	0.048977323
49281.462	-3.4679885	11.158397	-2.4836354	-0.005323622	-0.027682835	0.051106773
49281.462	-1.4849122	11.512859	-0.55324954	0.088372126	-0.095825195	0.001064724
49281.462	-2.943479	11.139236	-1.8250049	-0.033006456	-0.018100316	0.024488661
49281.462	-2.1291726	11.292518	-0.07664063	0.09050158	-0.08091906	-0.03194173
49281.462	1.5184424	10.183623	2.5459058	0.14267308	-0.1224433	0.001064724
49281.462	2.059717	10.2387085	4.7780643	-0.013841418	0.018100316	-0.12031386
49281.68	3.4536183	9.843531	5.8175025	-0.051106773	0.02661811	0.011711968
49281.68	0.57959473	10.732083	1.7315992	-0.15438505	0.093695745	0.04152425
49281.68	3.2332766	9.673484	4.528982	-0.16716173	0.114990234	0.056430392
49281.68	0.7711963	10.583591	2.818938	-0.095825195	0.06920709	0.1267022
49281.68	0.5748047	11.637401	2.7303224	-0.054300945	0.07133654	0.00958252
49281.68	0.6490503	12.042159	2.6464968	-0.07133654	0.060689293	0.084113225
49281.68	0.5460645	11.884088	2.7183473	-0.048977323	0.052171495	0.105407715
49281.68	-0.34009278	11.737991	-1.5495777	-0.003194173	0.002129449	0.08091906
49281.68	-2.5962012	11.438614	-2.5339308	0.028747559	-0.019165039	-0.057495117
49281.68	0.102985844	10.260264	2.1650977	0.24062772	-0.1309611	-0.1437378
49281.898	3.8655617	9.685459	5.48699	0.19484456	-0.09263102	-0.06281874
49281.898	3.2548318	9.398057	4.014053	-0.17142063	0.14586724	0.024488661
49281.898	-1.3196558	9.800421	-0.51492923	-0.100084096	0.07240126	0.097954646
49281.898	-1.9854712	11.316468	-2.0932472	0.097954646	-0.056430392	0.003194173
49281.898	-2.6345215	11.266172	-1.0753639	0.084113225	-0.06494819	0.014906142
49281.898	-1.2358302	11.103311	0.90771246	0.15970866	-0.09263102	-0.10647244
49281.898	2.9482691	8.840017	5.376819	0.058559842	-0.005323622	-0.003194173
49281.898	5.5444703	9.091495	7.201824	-0.14906141	0.13202582	-0.047912598
49281.898	2.2297633	10.648257	6.3060865	-0.1522556	0.103278264	0.093695745
49281.898	0.33769777	10.842254	0.89573735	-0.18845622	0.12350803	0.07985433
49282.111	-2.2106032	11.376344	-1.2573853	-0.09901937	0.05536567	0.08091906
49282.111	-1.3531861	11.235037	-0.65384036	-0.059624568	0.023423936	-0.033006456
49282.111	-1.8872755	9.177715	-1.9088306	0.15438505	-0.1309611	-0.044718426
49282.111	0.5676197	9.501043	5.5947657	-0.07133654	0.050042048	-0.1703559
49282.111	-1.9232007	11.668535	1.8944606	-0.109666616	0.033006456	0.24808079
49282.111	-4.0739284	11.163186	-2.8452833	0.06707764	-0.06388346	-0.054300945
49282.111	2.2752686	10.655442	7.5970025	0.12350803	-0.08198378	-0.10114882
49282.111	4.6104126	9.386082	9.505833	0.03194173	-0.012776693	-0.0436537
49282.208	3.7266505	9.74773	2.680027	-0.2842814	0.16822645	0.18419732
49282.111	-0.9029224	10.253079	2.926714	-0.166097	0.10860189	0.105407715
49282.327	0.488584	10.154883	-1.6525636	-0.10647244	0.04152425	0.1267022
49282.327	-2.7782228	10.490186	-0.100590825	0.012776693	-0.038330078	-0.10860189
49282.327	0.57719976	9.769285	2.335144	0.1703559	-0.13841417	-0.033006456
49282.327	2.0333717	10.037527	4.4188113	-0.057495117	0.00958252	-0.011711968
49282.327	1.0825489	10.480606	4.423601	-0.07027181	0.028747559	0.06388346
49282.327	1.2454102	11.144027	2.9410841	-0.08198378	0.04578315	0.038330078
49282.327	0.119750984	10.408755	0.4382886	-0.059624568	0.01703559	0.035135906
49282.327	-2.2321582	11.235037	2.3734643	-0.0873074	0.03407118	-0.007453071
49282.327	-0.36883304	11.51765	2.8668385	0.18100315	-0.121378586	0.00958252
49282.327	1.3220508	11.496095	3.4368532	-0.051106773	0.025553387	0.010647244
49282.544	-2.1124072	11.829002	1.4106666	0.0915663	-0.088372126	0.050042048
49282.544	2.1579127	9.994417	4.5529323	-0.013841418	0.021294488	-0.09050158
49282.544	0.41194338	9.812395	4.102669	0.04578315	-0.015970865	0.04045953
49282.544	1.5591577	10.885365	3.6380348	-0.002129449	0.04152425	-0.001064724
49282.544	0.488584	11.864927	3.5829494	0.04045953	0.006388347	0.044718426
49282.544	2.335144	10.609937	4.0116577	0.021294488	0.020229764	-0.039394803
49282.544	1.7507594	10.423125	6.1743608	0.028747559	0.02661811	-0.025553387
49282.544	0.8382569	10.480606	3.0201197	0.16290283	-0.058559842	0.05323622
49282.544	2.9003687	11.0051155	5.3169436	-0.10647244	0.1309611	-0.0830485
49282.544	0.38320315	9.968072	3.9350173	0.025553387	0.020229764	0.10221355
49282.761	0.2682422	9.841136	1.4849122	0.04045953	0.025553387	0.033006456
49282.761	1.5352076	10.221944	3.8727467	0.00958252	0.04045953	0.024488661
49282.761	-0.12693603	9.833951	1.22146	0.030877007	0.001064724	0.04152425
49282.761	-1.1639795	9.477093	1.2166699	0.051106773	-0.011711968	-0.05323622
49282.761	0.8310718	10.566827	3.5613942	0.105407715	-0.050042048	0.037265353
49282.761	1.22625	10.087823	2.6129665	-0.07027181	0.054300945	-0.09050158
49282.761	-0.11256592	8.737032	2.1435425	-0.021294488	0.003194173	0.06601291
49282.761	0.87418216	9.678274	0.39278322	-0.022359213	-0.01703559	-0.00958252
49282.761	-0.21555176	12.114009	3.278782	0.023423936	-0.035135906	-0.09476047
49282.761	5.6354814	12.576248	10.274634	-0.1831326	0.13628472	-0.121378586
49282.976	-2.7494826	14.171331	0.70174074	0.093695745	-0.08943685	0.20975071
49282.976	-4.409231	11.567945	2.0453467	0.22572157	-0.076660156	-0.18419732
49282.976	8.284373	14.133011	11.606265	0.19590929	-0.030877007	0.042588975
49282.976	0.1460962	12.482842	1.465752	-0.023423936	0.121378586	0.01703559
49283.054	1.336421	10.693763	2.2561085	0.15438505	-0.002129449	-0.084113225
49282.976	-0.31135255	11.737991	1.2861255	0.13947889	-0.003194173	-0.09263102
49282.976	-1.3220508	10.782378	3.163821	0.105407715	0.03620063	-0.15012614
49282.976	-2.201023	8.382568	-1.4130616	0.166097	-0.01703559	0.06388346
49282.976	-2.7901978	8.504715	-3.8535867	0.17674425	-0.047912598	0.07559543
49282.976	-0.1939966	8.722662	-2.083667	0.12883165	-0.030877007	-0.010647244
49283.207	0.100590825	8.255632	1.6525636	0.06601291	-0.00958252	-0.030877007
49283.207	2.0022364	8.581355	1.3531861	0.09476047	-0.035135906	0.020229764
49283.207	0.98435307	8.296348	1.1759547	-0.15438505	0.13202582	-0.022359213
49283.207	-0.8909473	7.6664577	1.0777588	-0.052171495	0.03407118	0.06601291
49283.207	-0.9388477	7.551497	-2.9626393	0.058559842	-0.037265353	0.076660156
49283.207	-3.300337	8.871153	-2.1555176	0.07240126	-0.038330078	-0.06707764
49283.207	2.0453467	9.836346	2.802173	0.027682835	-0.03620063	-0.054300945
49283.207	2.066902	10.001602	-0.019160157	-0.07985433	-0.04152425	0.1267022
49283.207	1.6046631	8.749006	-1.4058765	-0.37158883	0.107537165	0.024488661
49283.207	-1.8800904	8.624466	1.2549903	-0.15970866	-0.048977323	-0.07240126
49283.427	5.4271145	8.061636	1.6334034	-0.20549181	-0.046847872	0.054300945
49283.427	2.1267774	8.935819	-0.5556446	-0.436537	0.0830485	-0.047912598
49283.427	-2.2680836	8.411309	0.15328126	-0.32048205	0.007453071	-0.11818441
49283.427	2.550696	9.328602	1.2909156	-0.42908394	0.058559842	0.003194173
49283.427	-4.248765	11.378738	0.488584	-0.37691244	0.04152425	-0.088372126
49283.427	-1.949546	11.733201	1.2478052	-0.22572157	-0.03407118	0.0436537
49283.427	1.3124708	12.406201	3.4057178	-0.21081543	-0.013841418	0.107537165
49283.427	0.4382886	12.851675	-0.21076173	-0.2842814	0.0436537	0.060689293
49283.427	-0.63707525	13.160633	4.4691067	-0.24382189	0.074530706	0.059624568
49283.427	-2.2632935	13.565392	0.21555176	0.01703559	-0.07027181	0.07027181
49283.655	0.64186525	12.315191	0.6466553	-0.0873074	0.03620063	-0.03407118
49283.655	-0.95561284	12.600199	6.4210477	-0.039394803	0.048977323	-0.09263102
49283.654	3.652405	12.298426	6.11209	0.007453071	0.023423936	0.22359213
49283.655	1.4849122	12.775035	2.579436	-0.048977323	0.11073134	0.09688992
49283.655	-0.94603276	12.26729	-0.9627979	0.17780897	-0.025553387	0.046847872
49283.655	-0.68737066	13.064832	0.28740236	0.22146268	-0.005323622	-0.052171495
49283.655	-1.3939015	10.823093	-1.5328126	0.39181858	-0.0915663	-0.020229764
49283.655	1.4729371	9.800421	2.6057813	0.31302896	-0.006388347	-0.14267308
49283.655	1.7387843	9.333391	0.4766089	0.39607748	-0.051106773	-0.006388347
49283.655	2.1722827	9.024434	3.0823903	0.28641087	0.061754014	-0.28534615
49283.877	0.20597169	8.830438	1.1448194	0.27363417	0.035135906	0.037265353
49283.877	1.2981006	9.290281	3.046465	0.11392551	0.20123291	-0.19165039
49283.877	-2.3878345	10.744058	-1.3507911	0.15332031	0.121378586	0.124572754
49283.839	-5.415139	9.75731	-7.7550735	0.2874756	0.011711968	-0.13202582
49283.877	-0.07424561	8.655601	1.5136524	0.22039795	0.037265353	-0.0873074
49283.877	-0.07424561	8.655601	1.5136524	0.3087701	-0.020229764	-0.12031386
49283.877	-1.8154249	8.986114	-0.72569096	0.3577474	-0.0436537	-0.119249135
49283.877	-2.1076174	8.746612	-4.636758	0.3577474	-0.0436537	-0.119249135
49283.877	-0.28261232	10.123748	-2.5459058	-0.01703559	0.12350803	-0.019165039
49283.877	-2.7662477	10.600357	-0.36883304	0.004258898	0.121378586	-0.006388347
49284.1	-0.57001466	10.921289	-2.0573218	0.050042048	0.07878961	0.025553387
49284.1	-0.038320314	10.621912	-1.5663428	-0.17142063	0.21400961	-0.056430392
49284.1	-3.891907	10.47821	-2.3495142	-0.14267308	0.16290283	-0.029812284
49284.1	-2.4860303	11.024276	-1.5232325	-0.060689293	0.09901937	0.06281874
49284.1	-0.12454102	11.093731	-1.3268409	-0.030877007	0.061754014	0.09901937
49284.1	-2.2704787	11.55118	2.069297	-0.24169244	0.23530409	-0.18632677
49284.1	1.0418335	11.467354	4.8355446	-0.13947889	0.16929118	0.04578315
49284.1	-0.91010743	11.623031	-1.2597803	-0.24169244	0.23530409	0.08943685
49284.1	-2.9961696	11.381133	-0.65384036	-0.2608575	0.23743354	0.019165039
49284.1	-2.806963	11.773916	2.069297	0.114990234	0.011711968	-0.012776693
49284.328	-4.9696655	10.715318	-3.5494192	-0.0436537	0.1224433	-0.0873074
49284.328	-0.94603276	11.04104	4.385281	0.06388346	0.09688992	-0.033006456
49284.328	1.6741188	10.672208	2.8740237	-0.057495117	0.20975071	0.103278264
49284.328	-1.7339942	10.976375	0.059875492	-0.16396756	0.27576363	0.06814236
49284.328	-2.818938	10.509346	-2.4788454	0.06281874	0.12883165	0.00958252
49284.328	-1.9998415	10.28661	-1.1256592	0.030877007	0.15864393	-0.07240126
49284.328	-1.2310401	9.848321	-0.031135255	0.06281874	0.14160834	-0.01703559
49284.328	-1.2166699	9.982442	-0.1820215	0.057495117	0.1522556	-0.02661811
49284.328	-1.2789404	9.972861	0.28261232	0.021294488	0.17674425	-0.019165039
49284.328	-2.1219873	9.953702	0.73527104	-0.002129449	0.20016819	-0.013841418
49284.544	-2.792593	10.487791	-0.93405765	0.07027181	0.1479967	0.06281874
49284.544	-1.0394385	10.28661	-0.6682105	0.058559842	0.16183811	-0.008517795
49284.544	-1.6022681	10.854229	0.34727785	-0.013841418	0.20549181	-0.002129449
49284.544	-2.0980372	10.095008	0.06706055	0.012776693	0.18739149	0.022359213
49284.544	-2.2441335	9.7142	-0.9627979	0.01703559	0.1788737	0.029812284
49284.544	-2.5004005	10.504556	-1.6046631	0.04578315	0.15544976	0.027682835
49284.544	-1.6357985	9.941727	0.06945557	-0.06920709	0.25021023	-0.056430392
49284.544	-3.903882	10.025552	0.119750984	-0.027682835	0.19803874	0.058559842
49284.544	-2.6273365	11.105706	-1.0346485	0.07985433	0.13309056	0.04045953
49284.544	-2.7135572	10.746453	-0.49576905	-0.023423936	0.22572157	-0.00958252
49284.768	-1.6286134	10.609937	1.0083033	-0.04578315	0.23636882	0.004258898
49284.768	-3.3171022	10.875784	-0.48379397	0	0.18845622	0.021294488
49284.768	-3.1422658	10.830278	-0.16765137	0.052171495	0.16822645	-0.027682835
49284.768	-1.9854712	10.619517	1.9088306	0.004258898	0.22998047	0.01703559
49284.768	-1.8154249	11.093731	2.083667	-0.005323622	0.25127497	0.054300945
49284.768	-1.4010864	11.302097	1.0801538	-0.09050158	0.31622314	0.07559543
49284.768	-1.6262183	10.748848	2.308799	-0.023423936	0.25979275	0.07878961
49284.768	-2.3375392	10.801538	-0.37362307	0.002129449	0.2619222	0.018100316
49284.768	-3.65959	11.048225	-0.102985844	0.021294488	0.25872803	0.011711968
49284.768	-1.3819263	10.31535	2.8812087	-0.00958252	0.27789307	0.061754014
49284.992	-3.163821	11.61345	-1.101709	0.012776693	0.27363417	0.033006456
49284.992	-4.1170387	11.771522	-0.25147706	0.022359213	0.28215197	0.015970865
49284.992	-2.9937747	11.843372	0.21555176	-0.061754014	0.32580566	0.046847872
49284.992	-4.749324	11.361973	-0.5628296	-0.008517795	0.30344644	0.039394803
49284.992	-4.517007	11.220667	-0.60594	0.13309056	0.21294488	0.04578315
49284.992	-2.088457	10.693763	1.0849439	0.15119086	0.20975071	-0.04152425
49284.992	1.0298585	10.550061	4.4259963	0.052171495	0.27576363	0.037265353
49284.992	-1.8489552	10.159674	0.613125	-0.13841417	0.41950142	0.044718426
49284.992	-2.430945	10.427916	1.829795	-0.030877007	0.34284127	0.15332031
49284.992	-3.68354	10.617122	-3.4368532	0.023423936	0.31728786	0.095825195
49285.212	-4.7948294	10.248289	0.9627979	0.013841418	0.33751765	-0.03620063
49285.212	-1.5783179	9.515413	-0.20357667	0.20655653	0.18526204	0.17674425
49285.212	-2.5363257	10.214759	1.2741505	0.005323622	0.34603542	0.004258898
49285.212	-1.4920973	9.568104	3.1326857	0.05536567	0.2970581	0.14054362
49285.212	-1.331631	9.529783	-1.2573853	-0.111796066	0.41098362	0.111796066
49285.212	-4.3182206	10.861414	0.3520679	-0.16290283	0.42056614	0.05323622
49285.212	-5.1636624	10.2387085	-4.3541455	0.047912598	0.2885403	0.15332031
49285.212	-6.2677665	9.958491	-4.6511283	-0.021294488	0.3449707	-0.0873074
49285.212	-1.7459693	9.417217	3.666775	0.100084096	0.2565986	-0.10221355
49285.212	-0.8430469	9.529783	3.755391	0.1224433	0.27469888	-0.04578315
49285.431	0.07185059	8.131092	4.30385	-0.19590929	0.5046794	0.107537165
49285.431	-0.28261232	9.405242	3.056045	-0.16290283	0.46847874	0.2534044
49285.431	-0.9627979	10.176438	-2.2297633	-0.21188016	0.510003	0.051106773
49285.431	-4.0763235	9.7812605	-2.2561085	-0.2885403	0.52597386	-0.06814236
49285.431	-4.5313773	10.265054	-1.0370435	-0.08517795	0.37052408	-0.15438505
49285.431	-4.2990603	11.335628	0.021555176	-0.18952094	0.45144314	-0.16077338
49285.431	-4.636758	10.887759	1.1543995	-0.06707764	0.36413574	-0.07878961
49285.431	-6.0665846	10.217154	-1.4873072	-0.03620063	0.33858237	-0.111796066
49285.431	-3.9829175	9.620794	1.1975098	-0.061754014	0.43760175	-0.030877007
49285.431	-1.7890797	10.152488	5.108577	-0.34603542	0.60795766	-0.042588975
49285.65	-6.191126	10.550061	2.7854078	-0.16929118	0.52597386	0.14267308
49285.65	-1.5663428	10.91171	2.572251	-0.029812284	0.4184367	0.11818441
49285.65	-4.782854	11.225457	0.7161109	-0.27150473	0.5792101	-0.029812284
49285.65	-5.8510327	10.528506	1.5184424	0.014906142	0.40246582	0.038330078
49285.65	-4.5720925	10.851834	0.68976563	0.16396756	0.34710017	-0.047912598
49285.65	-1.8824854	10.847044	6.349197	-0.002129449	0.4844496	-0.1788737
49285.65	-3.3410523	11.587105	4.5888577	-0.1479967	0.55578613	0.14054362
49285.65	-3.307522	10.756033	0.23950197	-0.059624568	0.55578613	0.06920709
49285.65	-5.010381	10.92608	-0.74006104	-0.124572754	0.58772784	-0.010647244
49285.65	-5.606741	9.718989	-0.488584	0.23743354	0.36307102	-0.100084096
49285.868	-3.163821	10.554852	2.8644435	0.20868598	0.4045953	-0.18632677
49285.868	-2.7782228	11.426639	6.823411	-0.030877007	0.60795766	-0.105407715
49285.868	-3.8847218	10.909314	2.201023	-0.10647244	0.64415824	0.08091906
49285.868	-8.004155	10.882969	-3.412903	0.107537165	0.4887085	0.0873074
49285.868	-3.427273	10.001602	1.1735597	0.23530409	0.42269558	-0.10221355
49285.868	-2.1555176	10.897339	5.249883	0.12563749	0.5323622	-0.03407118
49285.868	-2.6009912	11.093731	1.5735279	-0.004258898	0.6090224	0.029812284
49285.868	-4.773274	9.690249	-0.37122804	-0.1522556	0.6729058	-0.11073134
49285.868	-7.7718387	9.637559	-0.4526587	0.025553387	0.5621745	-0.12989637
49285.868	-6.3875175	9.580078	-0.54366946	0.114990234	0.50254995	-0.0436537
49286.089	-2.8404932	10.104588	3.8272414	0.074530706	0.5387505	-0.109666616
49286.089	-4.140989	10.94524	2.9770093	-0.19271512	0.68674725	0.0830485
49286.089	-6.7228203	10.408755	-3.2572267	0.011711968	0.5451389	0.06920709
49286.089	-8.049661	10.336905	-3.5901344	-0.07027181	0.602634	-0.13309056
49286.089	-3.2021413	11.06978	7.074888	-0.005323622	0.5802748	-0.048977323
49286.089	-1.7914747	10.37283	4.9073954	0.03407118	0.57282174	-0.03620063
49286.089	-7.1060233	11.311678	-0.8430469	-0.13522	0.6718411	0.04578315
49286.089	-7.0509377	10.897339	0.29698244	-0.027682835	0.5930515	0.08517795
49286.089	-6.5407987	11.833792	-1.7747096	0.13522	0.50254995	0.06920709
49286.089	-2.6488917	9.867481	4.615203	-0.023423936	0.5919868	-0.119249135
49286.315	-5.046306	10.049502	5.4486694	-0.008517795	0.5887926	0.11392551
49286.315	-1.3891114	10.128538	5.489385	0.124572754	0.53342694	0.058559842
49286.315	-0.95561284	10.095008	5.5061502	-0.124572754	0.6984592	0.042588975
49286.315	-5.010381	11.299703	1.4920973	-0.09050158	0.6750353	0.12989637
49286.315	-5.343289	11.311678	-1.3603711	0.112860784	0.5366211	0.13841417
49286.315	-2.2177882	11.520044	0.9627979	0.035135906	0.60476345	-0.11818441
49286.315	-4.7972245	10.825489	3.403323	-0.08198378	0.6718411	-0.07346598
49286.315	-3.8751419	11.191927	0.31135255	0.007453071	0.59624565	0.07346598
49286.315	-6.854546	10.806329	-3.786526	-0.06388346	0.6324463	-0.038330078
49286.315	-6.926397	10.219549	-2.430945	0.15119086	0.49616158	-0.13734944
49286.534	-2.8740237	9.980047	4.414021	0.15970866	0.4940321	-0.13202582
49286.534	-2.914739	9.764495	5.1636624	0.09688992	0.54088	-0.09476047
49286.534	-1.7842896	9.16095	5.712122	-0.022359213	0.602634	0.052171495
49286.534	-3.056045	9.328602	3.1853762	0.010647244	0.583469	0.013841418
49286.534	-1.9926564	10.6817875	3.5829494	-0.10114882	0.6548055	0.027682835
49286.534	-5.2666483	12.288846	0.06945557	-0.17248535	0.6718411	0.084113225
49286.534	-3.8272414	10.631493	1.8537452	-0.16822645	0.6739705	0.19484456
49286.534	-4.368516	11.290123	-1.0562036	-0.1224433	0.6633233	0.04045953
49286.652	-6.346802	11.400293	0.5029541	-0.11818441	0.6367052	-0.050042048
49286.534	-5.223538	11.235037	1.8537452	-0.025553387	0.5632392	0.086242676
49286.757	-3.168611	11.235037	1.5998731	-0.1309611	0.6430935	0.10647244
49286.757	-6.080955	11.268567	-2.2680836	-0.15757921	0.63776994	0.07240126
49286.757	-5.724097	10.823093	0.36883304	0.004258898	0.55791557	-0.09476047
49286.757	-4.8020144	10.741663	0.5412744	0.09263102	0.4844496	0.058559842
49286.757	-2.8404932	10.590776	3.523074	-0.01703559	0.5696276	-0.059624568
49286.757	-3.7506008	10.126143	1.8705103	0.07133654	0.5046794	0.10221355
49286.757	-1.9591261	11.064991	2.4764502	-0.015970865	0.5760159	0.07346598
49286.757	-2.9171338	10.047108	3.0728102	0.11605496	0.47593182	0.088372126
49286.757	-0.5460645	9.996812	3.6739602	0.054300945	0.54833305	0.020229764
49286.757	-2.3016138	9.448353	3.908672	-0.006388347	0.5536567	0.06920709
49286.975	-1.4058765	10.126143	2.0357666	0.07772488	0.5153266	0.088372126
49286.975	-3.420088	9.817185	0.6682105	-0.002129449	0.54939777	0.00958252
49286.975	-3.0823903	9.445957	2.8859987	0.09688992	0.47167292	0.050042048
49286.975	-1.1927198	9.419612	2.7566676	0.06388346	0.49616158	0.039394803
49286.975	-1.331631	10.109378	1.695674	-0.04045953	0.54833305	0.103278264
49286.975	-3.5110989	9.711804	-0.18681154	0.01703559	0.49829102	0.021294488
49286.975	-1.8681153	9.216036	1.3052857	0.08198378	0.44186062	0
49286.975	-1.6310084	9.8938265	0.33290774	0.03194173	0.49190268	0.013841418
49286.975	-2.8692336	10.727293	0.32572266	-0.038330078	0.5195855	-0.07027181
49286.975	-4.567302	10.540482	0.007185059	0.084113225	0.44611952	-0.021294488
49287.192	-4.591253	10.775193	-0.58677983	0.05536567	0.43973118	0.07772488
49287.192	-3.786526	10.068663	-0.25866213	0.05536567	0.43973118	0.07772488
49287.192	-3.786526	10.068663	-0.25866213	0.044718426	0.44292536	0.11073134
49287.192	-2.6464968	9.642349	0.7448511	-0.07559543	0.48232016	0.16396756
49287.192	-2.5004005	10.420731	-0.7807764	0.07985433	0.3364529	0.15970866
49287.192	-0.94603276	10.583591	0.27542725	-0.074530706	0.44186062	-0.028747559
49287.192	-2.0549269	10.676997	1.5280225	-0.095825195	0.40246582	0.0915663
49287.192	-1.5016773	10.691368	-2.2489235	-0.030877007	0.35561794	0.15012614
49287.192	-2.184258	10.660233	-0.5508545	-0.037265353	0.3577474	-0.038330078
49287.192	-0.69695073	10.121353	0.9508228	0.03407118	0.28321669	0.07346598
49287.415	-0.6346802	9.996812	0.25387207	-0.003194173	0.3140937	0.059624568
49287.415	1.4753321	10.593172	2.3375392	-0.105407715	0.33858237	0.07985433
49287.415	-2.0237916	11.158397	-2.1004322	-0.022359213	0.26831055	0.1831326
49287.415	1.2094849	10.526112	0.63707525	0.051106773	0.24701606	-0.06601291
49287.415	-0.91729254	11.223062	2.4069948	-0.046847872	0.2842814	-0.003194173
49287.415	-0.13891114	11.311678	0.7185059	-0.006388347	0.25446913	0.08198378
49287.415	-0.97956306	11.074571	-0.855022	0.018100316	0.22785102	0.084113225
49287.415	-0.23950197	10.768008	-0.16525635	0.059624568	0.20123291	-0.044718426
49287.415	-0.6442603	11.02188	0.57959473	0.10647244	0.16716173	-0.038330078
49287.415	0.7041358	10.859019	2.8500733	-0.058559842	0.28108725	-0.018100316
49287.631	1.2861255	10.4494705	2.071692	0.052171495	0.18419732	0.05536567
49287.631	0.22513184	10.403965	-0.366438	-0.103278264	0.2927992	0.015970865
49287.631	-2.6560767	10.502161	-1.7962648	0.06707764	0.13734944	0.0436537
49287.631	-1.5926881	9.944121	-3.1398706	0.103278264	0.117119685	-0.00958252
49287.631	-1.2813355	10.633887	-1.5040723	0.10860189	0.11073134	-0.020229764
49287.631	0.7161109	10.245894	0.78556645	0.03407118	0.1437378	0.01703559
49287.631	-0.8430469	9.850716	0.7592212	0.04578315	0.1479967	0.035135906
49287.631	0.63707525	10.274634	-0.28740236	0.060689293	0.13734944	0.042588975
49287.631	-0.7951465	10.123748	-0.17004639	0.038330078	0.14054362	-0.058559842
49287.631	0.50534916	10.528506	1.453777	0.03194173	0.13947889	0.035135906
49287.848	4.3493557	10.33451	1.3244458	-0.13202582	0.20336236	-0.010647244
49287.848	-1.8106349	10.025552	0.033530276	-0.15864393	0.20975071	0.088372126
49287.848	-1.9112257	10.289004	-2.787803	0.16822645	-0.013841418	0.06920709
49287.848	1.7315992	10.427916	-0.6825806	0.014906142	0.07772488	-0.0436537
49287.848	0.67539555	10.420731	0.6586304	-0.010647244	0.07240126	0.024488661
49287.848	0.14130616	10.660233	-0.57001466	-0.061754014	0.10860189	0.058559842
49287.848	-0.62989014	10.504556	-1.5711329	-0.002129449	0.030877007	0.07027181
49287.848	0.026345216	11.232642	-1.7794995	0.012776693	0.022359213	0.024488661
49287.848	1.4489869	10.35367	-0.09101075	0.020229764	0.01703559	0.008517795
49287.848	0.70174074	10.241104	-0.4023633	0.050042048	-0.02661811	0.039394803
49288.073	1.2310401	11.191927	-0.7376661	0.023423936	0.005323622	0.003194173
49288.073	-0.62510014	10.660233	-1.3819263	0.007453071	0.006388347	-0.00958252
49288.073	1.453777	10.583591	-0.18681154	0.052171495	-0.04045953	-0.025553387
49288.073	1.8753004	11.053016	0.7807764	0.015970865	-0.003194173	-0.010647244
49288.073	2.0333717	9.606423	-1.3292359	-0.074530706	0.04045953	0.05536567
49288.073	-2.304009	10.732083	-4.0667434	-0.001064724	-0.014906142	0.028747559
49288.073	-0.46702883	9.78605	-0.45744875	0.11392551	-0.0830485	-0.07772488
49288.073	2.663262	10.830278	1.9998415	0.07027181	-0.052171495	0.050042048
49288.073	2.799778	10.753638	1.1927198	-0.056430392	0.03194173	0.028747559
49288.073	0.53169435	10.521321	-1.6190332	-0.03407118	-0.012776693	0.103278264
49288.291	-0.17004639	11.292518	-3.3745828	-0.100084096	0.039394803	-0.029812284
49288.291	-3.032095	10.195599	-1.7890797	0.07133654	-0.09901937	-0.029812284
49288.291	1.8537452	10.633887	-0.3784131	0.15651448	-0.12563749	-0.024488661
49288.291	0.70174074	10.394385	0.1580713	-0.04578315	-0.010647244	0
49288.291	0.613125	10.866204	0.7664063	-0.019165039	-0.012776693	0.024488661
49288.291	0.25387207	10.631493	-3.1087356	0.022359213	-0.044718426	0.033006456
49288.291	0.00239502	10.559642	-0.10777588	-0.039394803	0.007453071	-0.088372126
49288.291	1.0370435	10.581197	0.031135255	0.0873074	-0.08517795	0.056430392
49288.291	1.7842896	10.013577	0.30416748	-0.06920709	0.03407118	-0.048977323
49288.291	0.5508545	10.887759	0.10777588	0.050042048	-0.06707764	0.07240126
49288.506	1.1807446	9.740545	-1.6884888	-0.084113225	0.0436537	-0.093695745
49288.506	-0.5891748	10.435101	2.5578809	-0.027682835	0.006388347	0.025553387
49288.506	0.86939216	10.207574	-1.0083033	0.07240126	-0.06601291	0.112860784
49288.506	1.0849439	10.44468	-1.3915064	-0.15544976	0.08517795	-0.008517795
49288.506	-1.8561403	11.254197	-2.3854396	0.057495117	-0.061754014	0.07240126
49288.506	0.11256592	10.38241	-3.652405	0.052171495	-0.057495117	-0.074530706
49288.506	-1.5399976	11.203902	1.3603711	0.04045953	-0.037265353	-0.107537165
49288.506	2.7399025	9.690249	0.8669971	0.12776692	-0.109666616	0.048977323
49288.506	1.0633887	10.712923	1.4178516	-0.13309056	0.06388346	-0.050042048
49288.506	-0.9963282	11.534414	-0.11496094	0.057495117	-0.059624568	0.05323622
49288.724	1.4226416	10.626702	-2.311194	0.023423936	-0.02661811	-0.051106773
49288.724	-1.7890797	10.923684	1.0418335	-0.005323622	-0.015970865	-0.050042048
49288.724	0.84065187	10.145303	-0.4622388	0.038330078	-0.058559842	0.07878961
49288.724	0.6730005	10.289004	-0.9196875	-0.0915663	0.05323622	-0.015970865
49288.724	-0.43349856	9.8866415	-1.4106666	-0.059624568	0.029812284	0.005323622
49288.724	-0.9532178	9.326206	-2.430945	0.013841418	-0.020229764	0.029812284
49288.724	-0.49097902	10.245894	-2.6488917	0.03407118	-0.0436537	0.03407118
49288.724	-2.3135889	10.437495	-3.0752053	0.07346598	-0.0830485	-0.014906142
49288.724	0.13172609	10.468631	-0.43349856	0.09688992	-0.051106773	-0.09263102
49288.724	0.52690434	10.509346	0.5987549	-0.03194173	0.02661811	-0.018100316
49288.94	-0.16765137	9.82437	-0.7232959	0.021294488	-0.007453071	-0.004258898
49288.94	-0.102985844	11.297308	-1.1496094	-0.007453071	0.030877007	-0.002129449
49288.94	-1.346001	11.242222	-0.9484278	0.002129449	0.03407118	-0.07772488
49288.94	1.8657203	11.1176815	0.7951465	0.03407118	-0.004258898	0.027682835
49288.94	0.52690434	11.170372	-1.9974464	-0.15332031	0.11605496	-0.004258898
49288.94	-0.98195803	10.870995	-1.0178833	0.004258898	0.005323622	-0.01703559
49288.94	-2.6225464	10.30577	-2.7111623	0.105407715	-0.033006456	-0.004258898
49288.94	1.2789404	10.2387085	0.34967285	0.03620063	0.008517795	-0.08091906
49288.94	-0.15328126	11.352393	1.9279908	-0.035135906	0.05536567	0.105407715
49288.94	4.023633	10.619517	0.23231691	-0.08091906	0.09050158	0.07346598
49289.161	-2.1531227	9.489068	-4.7876444	-0.06388346	0.048977323	-0.038330078
49289.161	-2.7327175	8.442444	-6.7946706	0.105407715	-0.07985433	-0.04578315
49289.161	-4.6199927	11.263778	-1.7244141	0.15012614	-0.076660156	-0.16716173
49289.161	1.8585353	9.73815	2.9698243	0.018100316	0	0.14054362
49289.161	-0.3305127	9.999207	-0.57959473	-0.0873074	0.08091906	-0.010647244
49289.161	-1.096919	10.391991	-0.613125	-0.088372126	0.044718426	0.10221355
49289.161	-1.1520045	10.851834	-1.4920973	0.058559842	-0.042588975	0.0830485
49289.161	-0.083825685	10.341695	-2.3471193	-0.093695745	0.06281874	-0.038330078
49289.161	-0.35925296	10.918895	2.304009	-0.11392551	0.058559842	-0.023423936
49289.161	-0.29698244	11.268567	-1.7339942	-0.025553387	-0.019165039	0.093695745
49289.379	-0.86939216	10.104588	-2.8548634	-0.052171495	0.014906142	-0.114990234
49289.379	-0.9029224	9.659114	3.767366	-0.0915663	0.06494819	-0.09901937
49289.379	1.5399976	10.221944	-0.52690434	0.061754014	-0.06601291	0.19377984
49289.379	-0.75203615	11.699671	-3.1278956	-0.13202582	0.088372126	-0.02661811
49289.379	-1.6645386	10.071057	-2.440525	-0.0436537	0.028747559	-0.06814236
49289.379	-0.5460645	10.439891	1.4202466	-0.07559543	0.07985433	-0.109666616
49289.379	0.57959473	10.506951	2.7518775	-0.07027181	0.09688992	0.038330078
49289.379	-2.6967921	10.739268	-2.186653	0.08943685	-0.018100316	0.06601291
49289.379	-1.223855	11.553575	-0.081430666	-0.044718426	0.06494819	-0.07133654
49289.379	-0.59156984	10.499766	0.5029541	0.028747559	0.018100316	0.07878961
49289.602	-0.16046631	10.384805	-2.6273365	-0.03194173	0.06707764	0
49289.602	-2.9865894	10.193204	-1.710044	-0.06601291	0.0830485	-0.024488661
49289.602	-1.7627344	10.7799835	-1.22625	0.07133654	0.002129449	0.027682835
49289.602	0.8214917	10.641072	-2.5291407	-0.103278264	0.15012614	0.008517795
49289.602	-2.6177564	9.74773	-1.7531544	-0.109666616	0.10647244	-0.007453071
49289.602	-1.7818946	10.111773	-1.092129	0.17993842	-0.08517795	0.005323622
49289.602	-1.585503	10.602752	-1.7986598	0.08943685	0.01703559	-0.074530706
49289.602	0.57719976	9.64714	1.2286451	-0.04152425	0.06494819	0.029812284
49289.602	-1.0873389	11.263778	-2.3303542	-0.04578315	0.06281874	0.059624568
49289.602	-2.4740553	10.308165	-1.695674	-0.056430392	0.09050158	-0.060689293
49289.819	-0.974773	11.1104965	-0.047900394	0.06920709	0.011711968	0.023423936
49289.819	-0.38559815	10.861414	-0.5508545	-0.08517795	0.12031386	-0.088372126
49289.819	-0.94603276	10.894944	0.27542725	0.021294488	0.046847872	0.022359213
49289.819	0.41912845	11.009905	-1.4585669	-0.04152425	0.07027181	-0.029812284
49289.819	-2.3662794	10.712923	-0.732876	-0.030877007	0.07559543	-0.07027181
49289.819	-1.6932789	11.199112	-1.346001	0.08091906	0.015970865	0.004258898
49289.819	-2.1698878	11.086546	-2.7422974	0.002129449	0.06388346	-0.051106773
49289.819	-1.8034497	11.201507	-0.7041358	0.12031386	-0.024488661	-0.03407118
49289.819	-1.6860938	11.318863	-0.083825685	0.10114882	0.00958252	-0.14906141
49289.819	-0.27303225	11.833792	3.297942	0.17993842	-0.007453071	-0.14586724
49290.031	3.6811452	11.105706	5.513335	0.035135906	0.10434299	-0.07133654
49290.031	-0.17723145	11.299703	2.0405567	-0.076660156	0.16183811	0.006388347
49290.031	-2.1243825	11.63261	0.56522465	0.15332031	0.022359213	-0.07240126
49290.031	0.3879932	11.244617	2.3998096	0.086242676	0.07133654	-0.124572754
49290.031	-0.9963282	10.890154	1.705254	0.035135906	0.09688992	-0.008517795
49290.031	-1.710044	12.446917	-1.583108	0.10114882	0.07772488	0.023423936
49290.031	-0.84065187	11.805052	1.3531861	-0.00958252	0.15012614	-0.030877007
49290.031	-1.101709	11.838582	-0.098195806	0.07027181	0.058559842	0.15119086
49290.031	-3.3362625	11.397899	-3.2189064	-0.046847872	0.166097	-0.05536567
49290.031	-2.5315359	11.268567	2.6129665	0.13202582	0.042588975	-0.07878961
49290.253	3.755391	11.194322	3.7146754	-0.01703559	0.15332031	0.00958252
49290.253	-0.15567628	10.92608	2.1627028	-0.24275717	0.26298693	0.06494819
49290.253	-4.0882983	11.031461	-4.5816727	-0.06494819	0.11392551	0.12776692
49290.253	-4.2296047	10.583591	-3.786526	0.11073134	0.019165039	-0.084113225
49290.253	0.5364844	9.517808	1.6094532	0.06388346	0.019165039	-0.057495117
49290.253	0.07903565	10.289004	4.6199927	-0.086242676	0.14267308	-0.059624568
49290.253	3.5039136	10.116563	5.216353	0.020229764	0.050042048	0.022359213
49290.253	-3.4919386	10.2387085	-4.7948294	0.14054362	-0.04578315	-0.088372126
49290.253	-3.4919386	10.2387085	-4.7948294	0.038330078	0.007453071	-0.052171495
49290.253	-3.7170706	10.28661	-5.4295096	-0.0873074	0.09050158	0.006388347
49290.469	1.8369801	10.825489	6.70845	-0.0873074	0.09050158	0.006388347
49290.469	0.17004639	11.342813	0.7376661	-0.21294488	0.1479967	0.23743354
49290.469	0.69695073	12.676839	2.0980372	-0.27256945	0.22891575	0.15438505
49290.469	-2.8452833	10.641072	-3.412903	0.005323622	0.03620063	-0.088372126
49290.469	-1.8968556	10.41115	-2.9722195	-0.10221355	0.097954646	0.005323622
49290.469	-0.21315674	10.703342	5.007986	0.07027181	0.03194173	-0.16716173
49290.469	0.6825806	9.72378	1.8944606	0.2448866	-0.107537165	-0.039394803
49290.469	1.0801538	10.624307	3.1350808	0.010647244	0.06920709	-0.011711968
49290.469	-0.5029541	11.405084	3.3841627	-0.022359213	0.0830485	0.012776693
49290.469	-0.5221143	11.122471	0.5939649	0.027682835	0.04578315	0.07559543
49290.692	-3.3482375	10.332115	-3.7362306	-0.060689293	0.095825195	0.019165039
49290.692	-4.1625443	10.41594	-0.8310718	0.19803874	-0.06920709	-0.014906142
49290.692	1.0250684	9.620794	1.1520045	0.1703559	-0.020229764	-0.084113225
