100858231969122		87	-85	2147483647	-76	2147483647	-97	2147483647	-88	4	37.598819	127.04477539	57.0
100860255935573		87	-82	2147483647	-75	2147483647	-84	2147483647	-90	4	37.598819	127.04477539	57.0
100862270585982		87	-81	2147483647	-75	2147483647	-84	2147483647	-90	4	37.598819	127.04477539	57.0
100864284939308		87	-73	2147483647	-73	2147483647	-85	2147483647	-76	4	37.59883064	127.0447703	58.0
100866305081020		87	-76	2147483647	-73	2147483647	-85	2147483647	-76	4	37.59887314	127.04477565	58.0
100868328034919		87	-77	2147483647	-73	2147483647	-85	2147483647	-76	4	37.59892739	127.04480074	58.0
100870346790485		87	-77	2147483647	-72	2147483647	-96	2147483647	-80	4	37.5989947	127.0448327	58.0
100872361935061		87	-83	2147483647	-72	2147483647	-96	2147483647	-80	4	37.59907596	127.04487402	57.0
100874375679636		87	-75	2147483647	-68	2147483647	-101	2147483647	-74	4	37.59916662	127.04492044	57.0
100876384775357		87	-71	2147483647	-68	2147483647	-101	2147483647	-74	4	37.59925754	127.04496141	57.0
100878399755870		87	-80	2147483647	-76	2147483647	-85	3	37.59935011	127.0450028	56.0
100880414556696		87	-76	2147483647	-80	2147483647	-94	3	37.59942443	127.04504177	55.0
100882432879866		87	-70	2147483647	-66	2147483647	-80	3	37.59948921	127.04505104	55.0
100884449817202		87	-73	2147483647	-66	2	37.59951974	127.04502586	55.0
100886464695007		87	-77	2147483647	-68	2	37.59954022	127.04492119	56.0
100888484707135		87	-81	104	-100	2147483647	-75	3	37.59953554	127.04482454	57.0
100890500469524		87	-81	2147483647	-75	2	37.59951283	127.04474619	58.0
100892520725871		87	-88	2147483647	-78	2	37.59944168	127.04471216	57.0
100894537635759		87	-90	2147483647	-81	2147483647	0	2147483647	-90	2147483647	0	5	37.59935411	127.04469962	56.0
100896558751377		87	-88	2147483647	-81	2147483647	0	2147483647	-90	2147483647	0	5	37.59926723	127.04468	56.0
100898574032828		87	-88	2147483647	-87	2147483647	-117	2147483647	-87	2147483647	-123	5	37.59918646	127.0446566	56.0
100900593902873		87	-86	2147483647	-87	2147483647	-117	2147483647	-87	2147483647	-123	5	37.59910219	127.04463083	54.0
100902617947085		87	-92	2147483647	-87	2147483647	-117	2147483647	-87	2147483647	-123	5	37.59901997	127.04460412	54.0
100904632204369		87	-87	412	-98	296	-108	179	-105	2147483647	0	5	37.59894168	127.04459535	53.0
100906648902435		87	-78	412	-94	2147483647	-74	2147483647	0	4	37.59887738	127.04463761	53.0
100908665705604		87	-79	412	-98	2147483647	-79	2147483647	-95	4	37.5988443	127.0447146	54.0
100910682828461		87	-78	412	-99	2147483647	-76	2147483647	-93	4	37.59885049	127.0447623	54.0
100912693141474		87	-81	2147483647	-78	2147483647	-88	2147483647	0	4	37.59885677	127.04477241	55.0
